200
6 32
23 12
40 11
22 44
36 42
24 11
46 1
26 20
35 26
38 9
25 50
35 38
12 35
26 15
50 13
22 17
24 40
50 28
10 16
50 22
23 23
13 22
34 7
35 10
2 1
27 4
8 47
9 17
20 36
32 4
32 11
28 3
13 19
9 9
39 4
48 33
28 2
27 31
37 2
45 13
24 2
42 48
2 50
46 15
26 35
50 50
50 26
48 47
38 21
14 27
40 5
21 4
45 40
41 41
12 48
17 25
24 50
3 13
35 9
32 5
20 22
36 6
47 24
5 5
25 12
34 39
16 13
47 43
7 17
23 34
11 27
29 44
50 25
6 8
22 28
28 31
14 50
18 21
4 23
48 4
10 48
20 50
48 36
12 30
8 43
39 11
3 15
50 3
27 22
47 28
29 34
22 26
50 19
42 31
18 35
40 4
49 39
41 29
39 28
43 29
28 16
46 18
28 42
17 45
23 7
28 29
48 37
2 23
6 10
4 4
11 40
23 50
37 47
33 30
27 3
42 48
2 50
10 41
22 14
37 37
50 38
47 38
47 10
17 14
26 5
40 36
35 19
25 9
8 34
21 48
30 30
15 11
2 30
47 33
50 39
44 15
50 48
15 2
23 2
15 50
40 47
27 8
5 40
45 49
35 3
4 2
32 40
18 3
10 4
16 48
4 24
21 12
29 22
40 21
47 26
9 16
30 40
17 31
13 4
13 7
34 41
46 6
25 20
28 24
16 17
29 28
44 10
41 13
11 16
3 36
31 34
38 25
31 45
42 16
2 2
16 3
20 30
46 27
27 48
49 41
33 7
22 48
27 9
5 25
49 42
16 16
44 32
34 17
46 9
26 42
35 20
7 31
34 50
34 26
30 13
47 17
42 9
40 31
42 10
23 24
