52 275 1 2
11 18 1
18 48 9
10 15 1
11 19 1
10 20 1
3 14 1
8 16 1
31 32 2147483647
10 42 9
5 14 1
3 15 1
5 17 1
6 50 9
1 6 9
28 29 2147483647
18 40 9
43 42 2147483647
1 9 9
9 20 1
1 7 9
24 6 9
39 38 2147483647
4 14 1
38 37 2147483647
5 46 9
3 18 1
15 44 9
4 17 1
32 33 2147483647
28 9 9
32 9 9
26 12 9
34 13 9
13 40 9
28 10 9
24 8 9
5 13 1
34 16 9
3 16 1
36 3 9
36 10 9
6 17 1
51 50 2147483647
8 15 1
3 50 9
5 20 1
15 40 9
1 21 2147483647
44 43 2147483647
6 14 1
36 7 9
32 7 9
36 5 9
30 14 9
20 40 9
1 8 9
14 2 9
19 48 9
12 2 9
33 34 2147483647
6 42 9
23 24 2147483647
26 13 9
4 12 1
3 17 1
34 12 9
5 38 9
9 50 9
12 52 9
7 38 9
22 17 9
24 25 2147483647
5 19 1
9 15 1
6 19 1
4 46 9
26 17 9
7 20 1
17 48 9
18 44 9
6 13 1
19 52 9
29 30 2147483647
18 2 9
10 50 9
13 52 9
20 48 9
7 42 9
42 41 2147483647
10 13 1
10 12 1
6 46 9
22 16 9
1 5 9
26 14 9
15 48 9
32 8 9
26 18 9
7 17 1
8 38 9
32 5 9
10 19 1
3 38 9
4 13 1
47 46 2147483647
12 44 9
11 12 1
22 23 2147483647
6 12 1
4 18 1
46 45 2147483647
10 46 9
36 9 9
5 15 1
8 12 1
13 44 9
11 13 1
22 20 9
9 13 1
30 31 2147483647
11 46 9
5 12 1
14 52 9
5 50 9
50 49 2147483647
7 18 1
1 3 9
36 11 9
16 52 9
8 18 1
5 16 1
6 15 1
32 6 9
8 19 1
9 17 1
41 40 2147483647
8 50 9
4 15 1
28 5 9
11 17 1
9 19 1
15 52 9
9 38 9
8 20 1
13 48 9
52 51 2147483647
11 42 9
19 2 9
17 2 9
28 4 9
4 38 9
26 16 9
19 40 9
4 16 1
30 20 9
34 19 9
6 20 1
30 19 9
34 35 2147483647
4 50 9
30 13 9
28 7 9
11 50 9
8 14 1
27 28 2147483647
9 12 1
48 47 2147483647
26 27 2147483647
4 19 1
7 19 1
34 15 9
7 16 1
32 4 9
30 15 9
16 2 9
4 20 1
7 15 1
22 18 9
4 42 9
9 46 9
22 19 9
14 44 9
34 17 9
28 11 9
5 18 1
1 11 9
13 2 9
45 44 2147483647
30 18 9
11 14 1
30 17 9
24 11 9
28 8 9
10 38 9
30 16 9
6 38 9
36 4 9
22 12 9
10 16 1
11 15 1
12 40 9
32 3 9
22 14 9
18 52 9
16 40 9
3 42 9
28 6 9
22 15 9
20 2 9
7 13 1
37 2 2147483647
9 18 1
49 48 2147483647
34 14 9
24 3 9
24 5 9
24 10 9
8 13 1
12 48 9
11 20 1
15 2 9
10 17 1
35 36 2147483647
3 20 1
3 46 9
7 14 1
20 44 9
14 40 9
3 13 1
28 3 9
5 42 9
36 8 9
25 26 2147483647
34 20 9
1 4 9
24 9 9
24 4 9
19 44 9
20 52 9
30 12 9
11 38 9
9 14 1
24 7 9
14 48 9
10 18 1
17 40 9
3 19 1
40 39 2147483647
32 10 9
3 12 1
8 17 1
10 14 1
6 16 1
1 10 9
16 48 9
21 22 2147483647
8 46 9
7 12 1
7 50 9
32 11 9
16 44 9
26 19 9
11 16 1
26 20 9
22 13 9
7 46 9
34 18 9
17 52 9
9 16 1
36 6 9
8 42 9
26 15 9
6 18 1
17 44 9
9 42 9
