112 1155 1 2
39 96 19
68 19 19
16 33 1
17 25 1
24 108 19
74 22 19
50 23 19
46 29 19
70 24 19
27 92 19
50 25 19
6 36 1
34 80 19
72 19 19
48 13 19
11 86 19
19 86 19
100 99 2147483647
4 39 1
39 112 19
27 108 19
60 9 19
76 7 19
34 100 19
33 112 19
98 97 2147483647
15 25 1
14 94 19
5 40 1
4 38 1
46 34 19
90 89 2147483647
108 107 2147483647
42 39 19
58 27 19
3 39 1
18 22 1
58 25 19
15 102 19
24 100 19
24 84 19
54 32 19
68 15 19
50 38 19
13 34 1
39 108 19
54 33 19
12 106 19
34 108 19
13 94 19
14 98 19
27 2 19
104 103 2147483647
68 9 19
58 22 19
11 35 1
15 78 19
30 84 19
93 92 2147483647
68 11 19
10 90 19
58 24 19
3 26 1
70 26 19
26 112 19
19 28 1
66 36 19
70 34 19
14 30 1
52 6 19
3 86 19
7 106 19
16 38 1
9 102 19
64 12 19
5 110 19
32 92 19
14 102 19
1 5 19
38 104 19
53 54 2147483647
18 33 1
5 23 1
42 23 19
33 104 19
5 94 19
17 26 1
56 14 19
56 20 19
39 2 19
27 100 19
10 22 1
14 82 19
58 59 2147483647
20 33 1
92 91 2147483647
4 82 19
19 40 1
4 32 1
8 24 1
44 9 19
20 34 1
40 108 19
19 94 19
85 84 2147483647
14 32 1
17 102 19
19 24 1
50 32 19
74 75 2147483647
60 10 19
13 33 1
12 35 1
54 34 19
50 28 19
72 16 19
35 2 19
15 90 19
46 37 19
14 35 1
46 39 19
62 36 19
4 94 19
14 23 1
8 29 1
74 33 19
5 24 1
7 82 19
6 22 1
40 96 19
13 31 1
7 102 19
14 106 19
20 36 1
18 27 1
12 94 19
19 98 19
54 29 19
18 36 1
70 31 19
10 38 1
17 37 1
6 90 19
33 88 19
64 8 19
4 25 1
25 84 19
74 31 19
109 108 2147483647
99 98 2147483647
10 27 1
44 8 19
13 25 1
20 106 19
34 2 19
12 40 1
16 31 1
50 24 19
20 39 1
15 38 1
4 23 1
18 82 19
74 37 19
52 19 19
3 102 19
8 35 1
11 40 1
7 33 1
58 39 19
51 52 2147483647
28 80 19
16 39 1
9 86 19
38 108 19
13 27 1
11 39 1
70 29 19
21 24 1
56 4 19
18 78 19
49 50 2147483647
9 29 1
5 82 19
62 24 19
13 37 1
62 32 19
56 7 19
5 102 19
66 34 19
19 31 1
42 22 19
62 31 19
10 35 1
3 94 19
15 36 1
3 40 1
6 31 1
20 29 1
4 36 1
60 14 19
23 92 19
39 92 19
72 9 19
66 38 19
8 23 1
1 21 19
19 106 19
62 22 19
28 108 19
68 21 19
66 32 19
16 28 1
32 84 19
6 102 19
62 23 19
42 31 19
15 94 19
3 32 1
17 38 1
16 94 19
21 37 1
8 25 1
50 31 19
46 32 19
62 40 19
8 26 1
19 29 1
5 28 1
11 38 1
4 34 1
56 8 19
106 105 2147483647
62 37 19
42 33 19
16 102 19
15 30 1
18 24 1
15 28 1
7 23 1
64 9 19
17 39 1
74 32 19
66 67 2147483647
52 8 19
68 20 19
4 106 19
26 104 19
103 102 2147483647
9 36 1
46 25 19
44 13 19
54 55 2147483647
56 21 19
19 25 1
72 4 19
40 84 19
42 24 19
60 13 19
11 82 19
5 25 1
11 23 1
3 78 19
60 21 19
31 112 19
29 96 19
68 3 19
35 100 19
58 36 19
16 32 1
18 106 19
21 35 1
30 80 19
35 80 19
26 2 19
18 35 1
35 96 19
21 33 1
33 108 19
5 27 1
47 48 2147483647
18 25 1
16 110 19
8 82 19
11 27 1
22 84 19
52 15 19
11 30 1
21 86 19
70 25 19
8 27 1
13 22 1
66 35 19
42 36 19
28 2 19
15 86 19
52 53 2147483647
70 23 19
9 32 1
9 26 1
14 110 19
37 2 19
14 33 1
19 36 1
42 28 19
66 30 19
52 12 19
13 110 19
76 19 19
22 112 19
21 22 1
12 82 19
26 84 19
17 40 1
64 17 19
16 22 1
10 102 19
9 34 1
13 86 19
52 7 19
72 14 19
4 110 19
7 30 1
14 29 1
6 98 19
54 38 19
10 30 1
68 16 19
62 26 19
33 92 19
66 23 19
8 28 1
54 24 19
20 94 19
15 34 1
44 18 19
3 23 1
32 96 19
74 30 19
12 28 1
12 86 19
58 38 19
17 23 1
22 100 19
21 32 1
4 27 1
44 45 2147483647
20 37 1
76 10 19
37 88 19
9 98 19
5 33 1
12 37 1
46 24 19
42 26 19
43 44 2147483647
9 23 1
50 40 19
25 100 19
110 109 2147483647
16 26 1
6 38 1
21 23 1
9 28 1
55 56 2147483647
4 78 19
14 40 1
11 22 1
46 22 19
24 104 19
7 110 19
4 31 1
10 23 1
9 38 1
46 38 19
50 35 19
105 104 2147483647
36 92 19
28 84 19
74 27 19
48 19 19
6 29 1
8 110 19
72 10 19
46 26 19
3 106 19
28 100 19
13 39 1
1 11 19
4 24 1
9 22 1
74 29 19
13 36 1
30 96 19
23 108 19
62 35 19
14 27 1
8 32 1
6 24 1
4 102 19
1 10 19
58 28 19
50 22 19
5 86 19
44 14 19
24 80 19
3 28 1
62 25 19
50 34 19
64 10 19
16 82 19
32 112 19
21 30 1
58 35 19
6 33 1
72 8 19
20 110 19
30 92 19
19 27 1
76 12 19
16 23 1
15 35 1
5 29 1
76 5 19
21 25 1
64 65 2147483647
21 27 1
11 98 19
79 78 2147483647
18 29 1
19 32 1
9 40 1
7 94 19
6 106 19
9 37 1
19 35 1
66 27 19
3 33 1
48 10 19
17 86 19
4 40 1
14 86 19
52 5 19
50 27 19
7 34 1
12 26 1
14 34 1
15 31 1
52 21 19
31 84 19
7 24 1
11 36 1
54 35 19
15 39 1
10 33 1
54 39 19
5 78 19
70 28 19
88 87 2147483647
1 19 19
74 38 19
12 110 19
3 27 1
8 38 1
77 2 2147483647
66 22 19
39 84 19
34 88 19
66 28 19
67 68 2147483647
8 78 19
11 28 1
44 15 19
52 11 19
54 31 19
60 6 19
35 84 19
42 25 19
17 36 1
70 22 19
21 94 19
19 39 1
36 2 19
19 38 1
18 23 1
18 98 19
75 76 2147483647
6 94 19
72 73 2147483647
29 84 19
50 33 19
31 88 19
44 7 19
6 27 1
76 18 19
14 37 1
6 26 1
16 36 1
70 39 19
96 95 2147483647
22 108 19
14 36 1
48 5 19
10 36 1
1 17 19
16 40 1
3 30 1
38 96 19
8 40 1
6 86 19
28 104 19
40 88 19
35 112 19
72 5 19
39 100 19
70 38 19
16 25 1
62 38 19
64 11 19
74 24 19
50 30 19
44 20 19
14 31 1
12 30 1
10 98 19
18 31 1
74 40 19
10 78 19
48 49 2147483647
10 28 1
64 19 19
44 5 19
27 96 19
7 32 1
70 36 19
81 80 2147483647
18 39 1
10 26 1
20 78 19
38 80 19
17 32 1
14 25 1
27 84 19
1 9 19
16 78 19
20 35 1
1 6 19
76 20 19
48 9 19
19 22 1
62 29 19
68 6 19
60 61 2147483647
56 15 19
54 36 19
64 16 19
40 104 19
7 35 1
46 40 19
4 37 1
31 2 19
10 39 1
6 78 19
3 38 1
7 78 19
11 25 1
52 4 19
58 23 19
29 80 19
70 40 19
31 104 19
17 29 1
37 80 19
74 23 19
37 84 19
54 26 19
10 31 1
74 25 19
52 20 19
40 100 19
9 24 1
12 22 1
11 102 19
56 3 19
72 21 19
11 29 1
21 98 19
7 26 1
13 24 1
16 24 1
46 31 19
26 80 19
30 104 19
7 25 1
16 27 1
50 51 2147483647
76 3 19
62 27 19
5 39 1
48 4 19
39 88 19
6 40 1
68 13 19
12 31 1
11 110 19
42 35 19
13 32 1
32 104 19
3 37 1
15 33 1
52 10 19
3 36 1
66 37 19
26 100 19
50 37 19
20 28 1
25 104 19
5 31 1
5 34 1
74 28 19
72 12 19
68 12 19
30 2 19
101 100 2147483647
58 40 19
20 25 1
64 13 19
64 15 19
23 80 19
3 82 19
27 112 19
54 25 19
72 18 19
34 112 19
31 92 19
12 90 19
11 31 1
58 37 19
18 86 19
17 90 19
10 106 19
17 33 1
60 11 19
5 38 1
8 33 1
40 92 19
60 7 19
20 90 19
24 88 19
19 23 1
60 18 19
42 27 19
44 12 19
63 64 2147483647
70 30 19
62 28 19
11 90 19
14 78 19
21 39 1
19 30 1
72 7 19
4 26 1
42 32 19
8 36 1
25 96 19
23 104 19
15 24 1
86 85 2147483647
44 16 19
15 106 19
48 7 19
9 39 1
66 25 19
20 24 1
112 111 2147483647
40 112 19
7 90 19
1 7 19
17 34 1
60 20 19
62 30 19
9 25 1
31 80 19
64 6 19
15 32 1
4 98 19
52 9 19
38 112 19
44 3 19
8 30 1
31 108 19
29 92 19
32 108 19
20 32 1
11 33 1
8 90 19
46 35 19
54 22 19
18 90 19
17 106 19
5 35 1
21 34 1
40 80 19
7 38 1
35 104 19
10 94 19
44 4 19
16 86 19
12 25 1
18 30 1
6 82 19
37 96 19
1 20 19
52 14 19
37 112 19
19 82 19
44 17 19
48 12 19
36 104 19
13 40 1
3 35 1
64 21 19
54 37 19
111 110 2147483647
66 24 19
25 2 19
12 36 1
10 40 1
56 13 19
87 86 2147483647
76 21 19
56 57 2147483647
17 78 19
70 37 19
6 110 19
58 34 19
23 88 19
14 90 19
20 86 19
21 38 1
10 24 1
37 92 19
28 92 19
20 40 1
21 102 19
17 35 1
59 60 2147483647
66 40 19
1 41 2147483647
16 90 19
18 40 1
38 100 19
48 20 19
21 90 19
74 39 19
1 12 19
22 104 19
68 5 19
6 35 1
60 12 19
9 110 19
58 26 19
19 102 19
3 31 1
18 37 1
5 37 1
6 39 1
22 2 19
50 39 19
5 22 1
34 84 19
76 15 19
38 84 19
38 88 19
21 28 1
23 84 19
16 30 1
74 26 19
3 98 19
50 36 19
7 39 1
13 90 19
60 19 19
21 40 1
18 34 1
29 2 19
62 39 19
36 112 19
21 26 1
37 100 19
20 82 19
17 31 1
18 28 1
23 100 19
31 100 19
3 110 19
9 78 19
10 29 1
56 16 19
9 90 19
24 2 19
11 26 1
48 14 19
11 24 1
15 98 19
13 35 1
66 29 19
44 21 19
68 7 19
6 30 1
13 82 19
76 17 19
3 34 1
15 23 1
83 82 2147483647
44 11 19
21 82 19
48 21 19
65 66 2147483647
5 98 19
48 8 19
6 32 1
13 78 19
1 8 19
21 29 1
32 88 19
8 31 1
107 106 2147483647
7 40 1
17 24 1
33 84 19
19 26 1
8 94 19
61 62 2147483647
24 92 19
35 92 19
71 72 2147483647
4 35 1
26 108 19
60 16 19
12 32 1
73 74 2147483647
84 83 2147483647
30 112 19
3 25 1
36 100 19
19 78 19
1 15 19
4 90 19
7 29 1
38 92 19
42 30 19
8 86 19
54 27 19
9 35 1
72 15 19
14 24 1
6 28 1
1 4 19
15 27 1
12 23 1
56 12 19
52 3 19
42 34 19
36 88 19
16 29 1
32 80 19
12 34 1
56 17 19
39 80 19
3 22 1
74 34 19
45 46 2147483647
25 88 19
36 80 19
12 102 19
68 14 19
34 104 19
7 36 1
4 29 1
46 27 19
56 10 19
25 112 19
34 96 19
46 47 2147483647
4 28 1
60 3 19
5 90 19
52 13 19
7 31 1
68 69 2147483647
7 22 1
20 38 1
20 26 1
60 8 19
18 38 1
74 35 19
24 112 19
12 98 19
1 14 19
14 39 1
5 106 19
12 27 1
32 2 19
56 9 19
19 110 19
22 96 19
20 31 1
30 108 19
10 32 1
30 100 19
54 28 19
69 70 2147483647
1 13 19
15 82 19
17 110 19
20 23 1
5 26 1
37 104 19
13 30 1
76 6 19
66 31 19
31 96 19
57 58 2147483647
32 100 19
44 6 19
21 36 1
68 8 19
14 28 1
15 29 1
8 34 1
34 92 19
12 33 1
48 3 19
3 90 19
82 81 2147483647
27 88 19
29 104 19
72 11 19
35 88 19
18 32 1
41 42 2147483647
33 2 19
64 20 19
9 82 19
54 40 19
10 34 1
25 92 19
12 29 1
68 10 19
48 17 19
70 27 19
18 26 1
56 19 19
76 9 19
52 18 19
16 37 1
12 39 1
11 78 19
1 16 19
17 30 1
76 16 19
6 25 1
50 29 19
33 96 19
68 17 19
3 29 1
13 98 19
22 88 19
56 6 19
17 98 19
42 40 19
14 26 1
1 3 19
60 5 19
64 5 19
7 28 1
5 36 1
5 30 1
11 37 1
4 86 19
62 34 19
72 20 19
18 102 19
35 108 19
20 30 1
16 35 1
54 30 19
33 80 19
11 32 1
66 39 19
89 88 2147483647
52 16 19
46 28 19
76 14 19
29 100 19
30 88 19
40 2 19
12 24 1
39 104 19
58 31 19
91 90 2147483647
15 26 1
19 33 1
72 17 19
7 86 19
14 22 1
6 34 1
17 94 19
11 106 19
23 112 19
18 94 19
13 28 1
10 25 1
6 37 1
42 29 19
48 6 19
26 96 19
28 88 19
50 26 19
74 36 19
44 10 19
29 108 19
5 32 1
44 19 19
25 108 19
20 27 1
58 33 19
25 80 19
42 37 19
70 71 2147483647
11 34 1
21 31 1
20 22 1
70 35 19
4 33 1
29 88 19
21 110 19
64 4 19
42 43 2147483647
12 38 1
13 23 1
62 33 19
64 14 19
80 79 2147483647
8 22 1
33 100 19
27 80 19
70 32 19
7 27 1
48 16 19
58 29 19
17 82 19
23 2 19
27 104 19
17 28 1
19 37 1
10 37 1
42 38 19
68 18 19
26 88 19
38 2 19
54 23 19
72 13 19
48 15 19
37 108 19
56 18 19
64 7 19
64 18 19
9 31 1
10 110 19
9 94 19
28 112 19
16 106 19
66 33 19
13 102 19
7 98 19
19 34 1
11 94 19
15 40 1
76 8 19
17 27 1
9 27 1
102 101 2147483647
36 96 19
7 37 1
94 93 2147483647
72 3 19
48 18 19
68 4 19
8 39 1
46 30 19
60 4 19
15 110 19
9 30 1
76 11 19
56 11 19
95 94 2147483647
21 78 19
28 96 19
10 82 19
16 34 1
14 38 1
13 29 1
46 23 19
36 108 19
8 102 19
72 6 19
24 96 19
20 98 19
76 13 19
15 22 1
26 92 19
46 36 19
52 17 19
6 23 1
20 102 19
18 110 19
8 106 19
4 30 1
97 96 2147483647
23 96 19
29 112 19
10 86 19
15 37 1
78 77 2147483647
12 78 19
22 92 19
60 15 19
48 11 19
62 63 2147483647
19 90 19
13 26 1
3 24 1
9 33 1
21 106 19
58 32 19
8 37 1
17 22 1
66 26 19
13 38 1
70 33 19
56 5 19
76 4 19
8 98 19
58 30 19
4 22 1
13 106 19
46 33 19
9 106 19
16 98 19
36 84 19
64 3 19
1 18 19
22 80 19
60 17 19
