172 2635 1 2
32 128 29
48 164 29
8 170 29
15 122 29
27 158 29
116 12 29
9 138 29
24 158 29
22 146 29
33 168 29
86 41 29
66 44 29
13 35 1
68 31 29
90 42 29
112 4 29
80 29 29
53 144 29
80 3 29
72 19 29
14 158 29
30 35 1
5 56 1
92 14 29
41 144 29
4 122 29
82 52 29
27 118 29
6 41 1
86 35 29
24 118 29
53 148 29
14 52 1
40 144 29
88 21 29
20 33 1
24 150 29
22 130 29
28 34 1
15 58 1
82 56 29
24 48 1
68 18 29
43 172 29
11 158 29
33 2 29
98 34 29
55 120 29
22 158 29
20 47 1
96 15 29
17 118 29
116 13 29
78 50 29
86 47 29
17 162 29
106 37 29
145 144 2147483647
11 37 1
112 7 29
31 51 1
38 164 29
29 36 1
106 50 29
66 57 29
30 55 1
12 40 1
10 36 1
62 44 29
102 48 29
90 56 29
48 120 29
22 60 1
84 9 29
28 47 1
50 148 29
3 58 1
86 37 29
96 25 29
106 43 29
12 38 1
84 27 29
106 107 2147483647
19 49 1
110 36 29
84 4 29
43 156 29
14 42 1
69 70 2147483647
7 134 29
10 130 29
16 56 1
15 166 29
3 54 1
76 16 29
42 160 29
116 19 29
9 36 1
10 33 1
30 32 1
104 8 29
13 32 1
23 154 29
100 9 29
56 120 29
116 3 29
4 36 1
25 48 1
54 148 29
13 34 1
38 132 29
22 150 29
100 11 29
44 120 29
10 142 29
25 44 1
21 154 29
86 58 29
30 57 1
24 41 1
96 29 29
72 16 29
84 20 29
70 35 29
54 168 29
60 156 29
39 124 29
20 154 29
98 42 29
29 55 1
13 150 29
90 91 2147483647
41 160 29
10 51 1
24 43 1
78 40 29
112 14 29
26 41 1
113 114 2147483647
16 146 29
17 44 1
17 50 1
92 25 29
90 39 29
110 42 29
100 30 29
78 34 29
30 142 29
3 162 29
80 10 29
11 59 1
11 44 1
51 172 29
92 6 29
39 132 29
35 152 29
29 44 1
22 45 1
14 32 1
16 118 29
11 150 29
74 53 29
14 162 29
49 160 29
6 58 1
80 19 29
100 4 29
5 40 1
51 164 29
59 136 29
28 150 29
159 158 2147483647
84 6 29
13 54 1
21 52 1
30 59 1
130 129 2147483647
14 50 1
26 37 1
18 142 29
82 55 29
19 42 1
5 44 1
106 34 29
82 40 29
86 32 29
8 138 29
11 32 1
23 59 1
41 164 29
6 43 1
116 14 29
47 120 29
74 55 29
14 54 1
22 46 1
16 46 1
3 53 1
120 119 2147483647
100 31 29
12 48 1
23 51 1
53 136 29
9 130 29
8 35 1
27 32 1
76 9 29
84 13 29
13 122 29
49 120 29
16 43 1
28 134 29
122 121 2147483647
72 30 29
5 154 29
100 17 29
53 172 29
55 148 29
86 54 29
14 45 1
108 18 29
60 172 29
90 34 29
12 46 1
86 59 29
8 40 1
100 22 29
19 47 1
4 45 1
11 47 1
59 128 29
94 34 29
20 49 1
78 35 29
17 51 1
31 56 1
84 25 29
86 55 29
72 18 29
13 146 29
55 172 29
24 60 1
52 120 29
58 132 29
88 6 29
76 10 29
7 50 1
19 48 1
70 38 29
100 7 29
4 166 29
21 39 1
32 120 29
82 44 29
98 44 29
68 27 29
8 154 29
35 128 29
14 166 29
18 60 1
23 35 1
62 48 29
19 43 1
16 57 1
43 168 29
114 40 29
44 144 29
41 124 29
4 54 1
116 11 29
3 138 29
98 45 29
13 134 29
70 33 29
112 18 29
82 59 29
68 29 29
27 44 1
35 164 29
70 54 29
23 146 29
104 18 29
23 41 1
5 57 1
21 134 29
114 38 29
143 142 2147483647
31 42 1
26 158 29
46 144 29
6 122 29
92 17 29
66 34 29
108 20 29
19 57 1
39 128 29
76 8 29
7 150 29
35 120 29
49 156 29
106 35 29
45 152 29
102 58 29
20 53 1
45 156 29
6 47 1
47 152 29
108 4 29
76 11 29
15 32 1
92 15 29
98 52 29
64 19 29
39 172 29
15 150 29
56 152 29
78 49 29
106 48 29
1 26 29
62 58 29
58 120 29
50 140 29
104 22 29
7 44 1
78 39 29
76 77 2147483647
46 152 29
10 55 1
17 33 1
29 166 29
74 33 29
14 39 1
43 120 29
19 56 1
114 59 29
86 39 29
104 31 29
38 156 29
116 18 29
74 38 29
31 150 29
31 41 1
88 23 29
100 5 29
94 58 29
37 148 29
52 148 29
98 33 29
70 46 29
33 164 29
100 21 29
104 23 29
9 50 1
72 7 29
114 51 29
68 16 29
77 78 2147483647
102 46 29
126 125 2147483647
26 59 1
46 168 29
29 60 1
29 154 29
10 53 1
72 12 29
76 3 29
15 52 1
19 36 1
110 44 29
13 59 1
18 166 29
6 50 1
98 58 29
44 168 29
86 45 29
6 166 29
23 45 1
53 168 29
88 14 29
94 42 29
25 58 1
39 168 29
9 44 1
25 122 29
21 122 29
31 134 29
24 57 1
18 34 1
29 126 29
74 75 2147483647
4 51 1
24 130 29
23 47 1
64 12 29
66 55 29
54 160 29
11 162 29
114 36 29
27 59 1
11 42 1
23 138 29
25 154 29
7 54 1
14 170 29
60 128 29
15 142 29
88 19 29
95 96 2147483647
26 130 29
6 53 1
26 52 1
98 38 29
26 36 1
29 51 1
110 52 29
86 40 29
7 56 1
90 33 29
68 30 29
56 136 29
31 57 1
50 172 29
102 38 29
21 36 1
12 142 29
45 144 29
6 36 1
14 134 29
15 44 1
19 122 29
84 26 29
84 85 2147483647
4 154 29
66 42 29
12 130 29
64 29 29
88 22 29
29 34 1
17 57 1
10 170 29
5 49 1
21 138 29
3 47 1
30 158 29
21 162 29
9 57 1
11 34 1
106 32 29
90 36 29
10 34 1
26 45 1
6 45 1
21 41 1
110 39 29
88 3 29
8 44 1
11 146 29
78 53 29
36 136 29
62 41 29
25 33 1
19 170 29
90 43 29
51 160 29
21 59 1
100 29 29
5 36 1
94 51 29
5 158 29
47 140 29
110 33 29
74 35 29
88 31 29
116 5 29
55 152 29
68 25 29
20 55 1
68 12 29
26 58 1
25 60 1
20 122 29
94 54 29
56 144 29
4 37 1
31 118 29
1 12 29
104 15 29
13 58 1
11 60 1
11 38 1
24 162 29
153 152 2147483647
7 42 1
32 124 29
52 156 29
88 18 29
56 124 29
17 48 1
76 12 29
70 40 29
31 35 1
108 28 29
160 159 2147483647
66 52 29
25 146 29
104 3 29
8 162 29
28 146 29
37 136 29
65 66 2147483647
14 34 1
24 166 29
29 130 29
110 34 29
11 35 1
72 4 29
10 37 1
165 164 2147483647
38 168 29
112 6 29
28 122 29
40 156 29
5 42 1
3 49 1
3 36 1
18 134 29
19 54 1
23 44 1
17 36 1
42 140 29
4 126 29
116 23 29
5 51 1
7 57 1
23 166 29
62 42 29
98 56 29
76 6 29
28 40 1
100 19 29
37 2 29
20 59 1
10 60 1
42 144 29
92 13 29
47 172 29
42 2 29
1 6 29
123 122 2147483647
66 53 29
12 126 29
86 49 29
141 140 2147483647
24 33 1
5 33 1
108 6 29
161 160 2147483647
58 136 29
7 37 1
104 7 29
86 36 29
31 37 1
4 48 1
31 45 1
64 15 29
114 43 29
84 15 29
24 37 1
94 48 29
31 59 1
93 94 2147483647
10 32 1
21 43 1
11 53 1
17 46 1
100 18 29
90 50 29
41 172 29
78 51 29
22 38 1
21 58 1
92 18 29
10 56 1
92 16 29
40 148 29
7 32 1
13 130 29
22 166 29
1 19 29
92 10 29
17 45 1
11 57 1
46 124 29
23 55 1
6 32 1
20 138 29
22 33 1
15 158 29
19 33 1
23 36 1
60 160 29
106 45 29
21 50 1
22 37 1
12 54 1
88 4 29
13 53 1
25 43 1
12 118 29
18 130 29
5 47 1
92 19 29
7 118 29
60 164 29
34 168 29
96 27 29
5 166 29
44 124 29
26 44 1
29 42 1
45 148 29
110 55 29
10 126 29
98 40 29
106 60 29
4 33 1
76 25 29
4 35 1
41 168 29
23 150 29
25 51 1
1 17 29
32 132 29
50 156 29
96 18 29
15 126 29
5 52 1
24 51 1
28 55 1
8 46 1
90 45 29
1 23 29
21 47 1
21 166 29
4 43 1
22 50 1
73 74 2147483647
34 140 29
28 49 1
53 120 29
46 160 29
132 131 2147483647
104 25 29
76 19 29
38 160 29
114 53 29
35 144 29
38 124 29
62 60 29
12 60 1
11 126 29
13 41 1
19 60 1
102 60 29
19 134 29
58 168 29
22 142 29
78 52 29
51 156 29
36 140 29
20 146 29
49 128 29
40 164 29
138 137 2147483647
28 130 29
44 152 29
13 48 1
92 20 29
53 164 29
26 118 29
70 60 29
110 53 29
17 37 1
11 166 29
62 32 29
10 52 1
1 8 29
30 146 29
49 136 29
7 46 1
9 158 29
57 132 29
34 2 29
94 52 29
53 132 29
98 54 29
7 162 29
31 44 1
52 128 29
13 162 29
72 6 29
20 46 1
64 27 29
98 47 29
19 44 1
21 45 1
12 45 1
78 32 29
47 124 29
7 49 1
6 34 1
52 168 29
66 48 29
57 2 29
23 54 1
31 43 1
60 168 29
34 148 29
94 60 29
22 39 1
76 5 29
28 52 1
4 38 1
92 8 29
70 59 29
18 162 29
96 14 29
48 128 29
23 46 1
15 146 29
44 132 29
52 2 29
116 21 29
19 59 1
70 47 29
26 50 1
116 31 29
4 158 29
34 172 29
9 122 29
23 126 29
33 120 29
82 54 29
102 39 29
48 156 29
66 38 29
41 136 29
55 144 29
41 120 29
26 146 29
8 122 29
86 34 29
84 23 29
80 11 29
101 102 2147483647
8 146 29
3 158 29
108 8 29
96 31 29
84 18 29
102 56 29
22 118 29
5 38 1
12 33 1
16 32 1
68 5 29
4 118 29
6 44 1
11 138 29
163 162 2147483647
11 43 1
3 134 29
80 24 29
20 48 1
33 136 29
33 160 29
40 128 29
18 37 1
67 68 2147483647
62 36 29
44 136 29
43 160 29
58 160 29
1 21 29
88 9 29
94 47 29
25 47 1
29 54 1
88 30 29
8 32 1
8 142 29
36 120 29
15 55 1
18 154 29
66 32 29
8 42 1
74 52 29
41 2 29
104 27 29
15 53 1
3 118 29
108 7 29
20 32 1
8 36 1
13 158 29
31 130 29
20 44 1
24 58 1
66 56 29
104 12 29
52 160 29
25 32 1
76 29 29
72 13 29
157 156 2147483647
28 50 1
60 2 29
28 118 29
24 40 1
18 55 1
25 50 1
104 20 29
41 140 29
68 10 29
17 56 1
64 3 29
112 24 29
30 43 1
88 10 29
48 124 29
6 59 1
30 166 29
40 140 29
33 140 29
92 4 29
6 158 29
31 60 1
34 160 29
57 172 29
26 48 1
78 41 29
112 22 29
37 156 29
48 144 29
35 132 29
9 60 1
92 9 29
16 166 29
9 58 1
74 46 29
27 150 29
4 162 29
44 156 29
9 34 1
19 41 1
19 130 29
7 35 1
10 150 29
19 52 1
96 17 29
100 28 29
99 100 2147483647
20 43 1
34 120 29
82 50 29
74 45 29
3 166 29
22 40 1
56 156 29
78 42 29
76 31 29
14 37 1
114 49 29
108 29 29
26 33 1
27 33 1
85 86 2147483647
98 57 29
31 39 1
11 134 29
72 8 29
40 132 29
84 10 29
5 53 1
26 134 29
25 57 1
21 57 1
6 52 1
50 2 29
3 122 29
96 11 29
51 144 29
35 124 29
27 57 1
70 41 29
94 46 29
140 139 2147483647
39 144 29
57 168 29
44 164 29
15 54 1
68 9 29
4 170 29
112 31 29
48 168 29
29 134 29
6 162 29
108 17 29
29 47 1
64 25 29
9 166 29
96 16 29
5 58 1
25 170 29
24 53 1
49 132 29
13 50 1
59 144 29
106 33 29
68 23 29
39 136 29
24 34 1
26 32 1
30 49 1
134 133 2147483647
46 172 29
13 55 1
41 128 29
39 2 29
68 22 29
54 120 29
108 10 29
70 56 29
17 170 29
116 6 29
68 15 29
30 134 29
116 28 29
6 39 1
14 38 1
36 172 29
12 36 1
4 52 1
106 39 29
28 56 1
30 48 1
21 55 1
18 54 1
36 160 29
82 42 29
45 2 29
92 26 29
83 84 2147483647
17 134 29
30 122 29
110 50 29
6 33 1
28 138 29
27 60 1
76 28 29
80 6 29
3 142 29
112 25 29
88 24 29
74 57 29
72 22 29
96 6 29
16 35 1
56 160 29
70 42 29
31 158 29
24 134 29
12 42 1
76 18 29
49 140 29
62 38 29
18 48 1
96 26 29
94 36 29
20 170 29
21 51 1
9 46 1
7 146 29
13 142 29
72 11 29
82 58 29
16 44 1
53 160 29
4 46 1
6 130 29
11 56 1
106 56 29
15 39 1
48 140 29
90 52 29
84 30 29
3 35 1
6 150 29
24 50 1
29 122 29
106 51 29
16 134 29
27 126 29
82 83 2147483647
24 46 1
66 54 29
112 17 29
53 2 29
6 154 29
17 150 29
62 51 29
30 150 29
72 5 29
31 146 29
110 45 29
37 152 29
84 31 29
66 43 29
58 140 29
6 35 1
43 132 29
106 44 29
117 2 2147483647
90 49 29
64 30 29
90 37 29
5 170 29
50 120 29
114 42 29
10 134 29
82 33 29
84 17 29
46 128 29
18 58 1
88 25 29
110 47 29
104 10 29
15 38 1
15 40 1
64 9 29
57 156 29
24 55 1
74 34 29
98 60 29
27 51 1
50 168 29
17 38 1
60 120 29
25 166 29
70 49 29
72 20 29
98 99 2147483647
23 52 1
10 118 29
154 153 2147483647
19 138 29
92 93 2147483647
53 128 29
30 51 1
10 46 1
106 46 29
8 52 1
104 19 29
24 35 1
72 21 29
30 126 29
76 27 29
74 60 29
22 134 29
25 150 29
66 35 29
88 12 29
72 28 29
4 130 29
21 42 1
82 48 29
1 25 29
100 8 29
58 164 29
59 168 29
100 15 29
20 51 1
16 52 1
33 132 29
3 50 1
53 156 29
80 17 29
10 57 1
8 39 1
142 141 2147483647
42 124 29
5 142 29
14 58 1
26 142 29
56 164 29
37 172 29
96 8 29
57 152 29
17 55 1
23 158 29
88 89 2147483647
28 170 29
102 33 29
20 36 1
94 41 29
49 2 29
43 152 29
18 158 29
45 124 29
18 150 29
102 54 29
55 156 29
19 158 29
6 38 1
90 53 29
110 58 29
116 4 29
18 52 1
22 52 1
15 162 29
27 35 1
24 154 29
1 10 29
14 51 1
29 49 1
51 148 29
108 109 2147483647
23 57 1
37 144 29
110 59 29
33 156 29
23 162 29
22 59 1
27 49 1
38 172 29
7 34 1
28 57 1
13 51 1
34 156 29
31 50 1
24 36 1
57 124 29
15 51 1
15 170 29
13 38 1
96 28 29
31 170 29
108 12 29
54 2 29
104 17 29
44 140 29
62 47 29
15 130 29
21 38 1
135 134 2147483647
98 39 29
39 140 29
55 164 29
25 126 29
102 35 29
70 71 2147483647
80 12 29
38 136 29
4 41 1
20 150 29
13 47 1
80 22 29
19 50 1
18 46 1
88 17 29
14 44 1
26 138 29
5 54 1
84 21 29
51 120 29
112 29 29
15 49 1
53 140 29
12 47 1
31 142 29
74 37 29
57 136 29
20 58 1
62 33 29
11 170 29
51 152 29
106 36 29
28 35 1
8 33 1
26 43 1
102 55 29
15 118 29
31 36 1
19 46 1
18 42 1
23 53 1
13 33 1
104 30 29
62 49 29
58 152 29
54 144 29
22 36 1
31 122 29
5 146 29
92 22 29
18 146 29
24 126 29
51 132 29
40 136 29
76 24 29
8 45 1
19 118 29
21 60 1
29 170 29
29 53 1
31 47 1
72 24 29
25 35 1
10 42 1
5 126 29
155 154 2147483647
110 48 29
106 55 29
53 124 29
30 40 1
112 113 2147483647
48 172 29
102 43 29
14 55 1
21 118 29
86 57 29
70 58 29
27 39 1
82 34 29
25 40 1
29 37 1
9 42 1
37 140 29
59 160 29
12 32 1
25 134 29
25 52 1
94 39 29
25 56 1
33 128 29
26 51 1
5 55 1
72 25 29
108 31 29
56 128 29
29 158 29
8 126 29
23 43 1
98 35 29
64 65 2147483647
74 56 29
54 164 29
32 148 29
3 154 29
19 39 1
22 138 29
98 49 29
110 51 29
92 28 29
86 44 29
5 43 1
37 132 29
13 39 1
10 58 1
64 20 29
16 122 29
7 41 1
29 58 1
4 146 29
64 17 29
9 48 1
21 48 1
58 128 29
31 49 1
6 54 1
30 44 1
29 146 29
12 35 1
1 13 29
30 36 1
28 41 1
48 148 29
94 44 29
116 25 29
90 40 29
41 132 29
12 166 29
6 134 29
4 53 1
74 54 29
22 58 1
106 57 29
59 156 29
29 40 1
37 160 29
21 37 1
88 7 29
17 158 29
131 130 2147483647
16 126 29
28 60 1
114 52 29
27 50 1
108 23 29
9 55 1
121 120 2147483647
54 136 29
1 29 29
116 24 29
28 154 29
29 57 1
19 37 1
30 47 1
11 55 1
11 36 1
64 23 29
1 28 29
45 164 29
8 38 1
3 33 1
4 44 1
35 172 29
129 128 2147483647
24 39 1
30 33 1
156 155 2147483647
22 35 1
36 124 29
76 30 29
47 144 29
115 116 2147483647
16 158 29
16 33 1
62 52 29
102 44 29
10 35 1
16 53 1
31 55 1
24 52 1
37 164 29
16 59 1
36 128 29
3 55 1
94 55 29
80 27 29
64 16 29
98 48 29
24 49 1
98 55 29
30 39 1
74 32 29
43 2 29
9 51 1
14 35 1
14 130 29
11 48 1
52 144 29
40 120 29
88 27 29
112 12 29
33 148 29
88 5 29
24 59 1
46 156 29
5 50 1
29 59 1
47 156 29
13 118 29
82 46 29
25 59 1
8 51 1
3 130 29
6 40 1
80 15 29
11 122 29
30 50 1
96 97 2147483647
60 140 29
8 50 1
116 16 29
96 12 29
41 152 29
78 44 29
94 32 29
4 150 29
6 126 29
51 140 29
110 43 29
114 56 29
34 136 29
4 50 1
33 124 29
50 152 29
88 13 29
3 41 1
32 136 29
1 5 29
30 58 1
18 56 1
20 162 29
42 168 29
16 34 1
70 57 29
62 39 29
24 142 29
28 38 1
82 36 29
48 2 29
18 122 29
114 57 29
38 128 29
74 47 29
68 24 29
15 60 1
57 128 29
19 51 1
4 58 1
106 41 29
16 170 29
22 122 29
82 60 29
9 150 29
35 148 29
55 168 29
7 36 1
29 162 29
22 34 1
27 58 1
24 47 1
76 26 29
44 128 29
37 168 29
86 56 29
32 160 29
40 160 29
5 122 29
25 55 1
64 5 29
9 53 1
70 53 29
17 130 29
26 60 1
7 52 1
15 154 29
26 162 29
9 40 1
100 6 29
23 50 1
114 47 29
112 10 29
46 2 29
23 42 1
90 57 29
8 134 29
28 44 1
74 58 29
59 120 29
19 154 29
92 24 29
70 36 29
14 60 1
19 146 29
59 172 29
114 54 29
58 2 29
76 17 29
54 140 29
17 142 29
15 134 29
62 59 29
74 50 29
9 142 29
78 45 29
13 138 29
90 55 29
57 144 29
42 148 29
112 26 29
55 128 29
108 15 29
13 166 29
102 57 29
18 41 1
13 52 1
66 50 29
13 154 29
94 50 29
12 154 29
104 6 29
23 122 29
15 56 1
62 53 29
8 59 1
60 132 29
12 43 1
6 170 29
27 166 29
60 152 29
64 21 29
102 36 29
10 47 1
42 136 29
30 46 1
27 47 1
9 56 1
28 46 1
78 43 29
76 14 29
17 47 1
20 142 29
91 92 2147483647
17 39 1
22 51 1
8 53 1
29 43 1
84 5 29
13 42 1
10 39 1
62 55 29
116 9 29
82 47 29
94 40 29
84 7 29
100 23 29
18 47 1
170 169 2147483647
12 39 1
20 52 1
29 45 1
62 46 29
51 168 29
100 25 29
23 37 1
94 38 29
108 24 29
9 45 1
4 142 29
108 3 29
70 55 29
3 34 1
12 158 29
98 50 29
21 158 29
13 45 1
16 55 1
64 18 29
43 128 29
68 11 29
7 39 1
38 2 29
70 34 29
8 130 29
116 15 29
20 41 1
92 5 29
168 167 2147483647
7 60 1
43 124 29
98 46 29
110 56 29
8 60 1
18 38 1
76 21 29
17 34 1
92 29 29
68 69 2147483647
10 48 1
75 76 2147483647
10 43 1
12 59 1
40 168 29
22 54 1
66 49 29
10 40 1
116 17 29
30 154 29
104 13 29
110 49 29
32 164 29
44 172 29
114 41 29
47 128 29
5 45 1
80 14 29
16 36 1
104 4 29
46 136 29
45 120 29
35 160 29
15 48 1
100 13 29
23 38 1
137 136 2147483647
51 124 29
27 41 1
80 30 29
18 35 1
12 138 29
90 32 29
60 144 29
78 38 29
7 40 1
8 48 1
36 132 29
125 124 2147483647
5 162 29
78 33 29
108 25 29
9 38 1
80 81 2147483647
78 36 29
108 13 29
4 42 1
24 146 29
26 53 1
24 42 1
112 16 29
39 152 29
14 122 29
6 55 1
28 43 1
66 47 29
23 58 1
10 138 29
80 21 29
40 172 29
22 41 1
23 130 29
27 45 1
98 59 29
1 3 29
84 24 29
59 148 29
66 37 29
3 46 1
21 33 1
80 26 29
89 90 2147483647
80 7 29
76 15 29
110 60 29
66 58 29
86 60 29
27 46 1
7 47 1
14 56 1
17 42 1
16 50 1
21 150 29
30 52 1
40 152 29
11 52 1
48 160 29
86 52 29
18 57 1
42 120 29
62 57 29
16 130 29
28 39 1
3 60 1
68 21 29
116 22 29
64 13 29
7 170 29
116 10 29
37 120 29
7 55 1
106 52 29
35 168 29
78 47 29
27 134 29
116 20 29
78 48 29
28 158 29
94 43 29
4 39 1
102 53 29
144 143 2147483647
36 156 29
17 154 29
31 162 29
29 150 29
52 136 29
80 25 29
114 44 29
8 47 1
18 50 1
43 136 29
7 59 1
47 164 29
114 55 29
25 162 29
27 37 1
10 50 1
68 28 29
23 118 29
34 144 29
96 23 29
1 9 29
31 54 1
14 47 1
76 4 29
14 118 29
100 16 29
23 142 29
36 152 29
44 2 29
68 8 29
12 122 29
27 40 1
10 41 1
96 3 29
112 19 29
10 49 1
38 140 29
70 48 29
72 29 29
16 45 1
13 170 29
21 32 1
62 34 29
31 52 1
38 120 29
30 53 1
3 57 1
26 49 1
12 55 1
19 162 29
116 27 29
167 166 2147483647
12 134 29
32 156 29
4 55 1
14 150 29
21 126 29
29 41 1
60 148 29
112 21 29
14 46 1
30 60 1
4 138 29
1 61 2147483647
20 134 29
43 144 29
9 134 29
17 41 1
6 142 29
36 148 29
104 28 29
78 54 29
98 32 29
54 124 29
42 164 29
114 45 29
110 57 29
114 37 29
17 122 29
39 148 29
30 162 29
20 54 1
80 20 29
4 47 1
87 88 2147483647
14 138 29
23 60 1
22 43 1
8 118 29
18 43 1
10 45 1
1 14 29
96 4 29
6 138 29
68 7 29
55 136 29
15 37 1
47 136 29
90 41 29
8 158 29
31 34 1
94 56 29
24 38 1
59 152 29
23 49 1
26 154 29
5 130 29
49 164 29
49 172 29
68 13 29
29 46 1
4 134 29
23 170 29
13 44 1
15 138 29
23 48 1
166 165 2147483647
11 154 29
27 56 1
86 46 29
7 158 29
82 51 29
88 8 29
25 138 29
19 32 1
62 35 29
82 57 29
96 20 29
88 29 29
37 124 29
3 38 1
108 30 29
57 164 29
90 48 29
64 26 29
43 140 29
56 168 29
20 118 29
22 53 1
102 34 29
110 32 29
21 44 1
15 33 1
28 36 1
23 134 29
27 36 1
14 53 1
108 16 29
86 42 29
59 124 29
21 170 29
47 168 29
14 142 29
60 136 29
3 45 1
28 32 1
40 2 29
72 3 29
84 11 29
10 59 1
13 46 1
24 44 1
16 54 1
25 54 1
66 39 29
26 40 1
114 33 29
9 54 1
19 166 29
20 38 1
59 132 29
94 57 29
9 162 29
72 27 29
1 20 29
98 43 29
7 154 29
104 26 29
29 48 1
28 126 29
17 32 1
26 170 29
21 54 1
84 28 29
38 144 29
16 138 29
26 150 29
80 13 29
102 45 29
26 47 1
1 4 29
11 49 1
29 142 29
70 51 29
8 54 1
10 54 1
36 168 29
104 5 29
11 58 1
25 36 1
19 34 1
3 51 1
12 56 1
20 50 1
78 57 29
50 164 29
15 42 1
31 32 1
10 122 29
10 166 29
72 17 29
19 38 1
33 152 29
31 154 29
9 35 1
90 38 29
52 172 29
44 148 29
68 26 29
28 58 1
9 59 1
6 146 29
70 52 29
25 46 1
5 134 29
112 15 29
26 166 29
5 48 1
64 7 29
81 82 2147483647
86 33 29
114 34 29
42 132 29
3 59 1
34 164 29
78 37 29
46 164 29
17 138 29
15 57 1
76 20 29
16 154 29
31 33 1
6 46 1
108 27 29
12 41 1
66 51 29
112 27 29
5 32 1
104 16 29
14 57 1
146 145 2147483647
66 46 29
88 26 29
100 26 29
31 53 1
16 150 29
27 154 29
21 56 1
80 16 29
15 35 1
11 40 1
60 124 29
78 58 29
14 43 1
25 34 1
15 34 1
16 49 1
23 40 1
3 170 29
12 150 29
27 52 1
96 21 29
112 20 29
41 156 29
7 53 1
46 148 29
70 50 29
18 45 1
3 42 1
20 42 1
80 28 29
3 52 1
29 32 1
94 33 29
110 38 29
20 39 1
150 149 2147483647
21 130 29
108 5 29
96 13 29
11 51 1
5 35 1
48 136 29
102 52 29
55 140 29
80 23 29
94 37 29
16 39 1
92 21 29
104 9 29
22 154 29
45 172 29
62 56 29
47 2 29
80 5 29
102 40 29
78 60 29
50 144 29
74 44 29
88 11 29
112 8 29
62 45 29
76 13 29
13 57 1
114 35 29
13 43 1
92 7 29
17 35 1
158 157 2147483647
18 44 1
39 160 29
47 148 29
30 138 29
11 118 29
64 8 29
18 32 1
74 59 29
66 45 29
104 105 2147483647
82 41 29
28 48 1
97 98 2147483647
12 52 1
24 32 1
63 64 2147483647
23 33 1
58 144 29
171 170 2147483647
79 80 2147483647
34 124 29
24 138 29
114 39 29
57 120 29
118 117 2147483647
92 30 29
110 111 2147483647
78 79 2147483647
8 55 1
9 170 29
64 22 29
50 160 29
72 9 29
88 28 29
10 44 1
64 6 29
54 156 29
92 31 29
100 12 29
96 10 29
25 38 1
56 132 29
114 50 29
66 36 29
26 126 29
7 43 1
103 104 2147483647
49 124 29
1 16 29
1 30 29
15 43 1
68 6 29
5 34 1
52 124 29
112 11 29
30 130 29
82 37 29
6 60 1
28 37 1
136 135 2147483647
112 23 29
92 23 29
86 48 29
72 10 29
14 49 1
86 53 29
10 162 29
84 19 29
39 120 29
27 162 29
22 170 29
42 152 29
17 146 29
74 39 29
9 37 1
39 156 29
17 126 29
6 56 1
62 43 29
59 140 29
25 142 29
108 11 29
45 168 29
6 57 1
26 122 29
43 164 29
22 126 29
9 41 1
76 22 29
20 45 1
21 34 1
64 14 29
82 53 29
25 130 29
49 168 29
27 42 1
47 132 29
59 2 29
64 24 29
78 46 29
18 170 29
74 42 29
74 43 29
12 50 1
30 34 1
9 43 1
82 49 29
30 42 1
108 9 29
98 37 29
92 11 29
29 39 1
23 56 1
54 152 29
28 162 29
4 57 1
27 43 1
55 160 29
4 60 1
35 136 29
96 22 29
90 58 29
26 55 1
23 34 1
50 136 29
27 146 29
13 60 1
17 53 1
6 118 29
29 52 1
15 50 1
19 142 29
7 58 1
90 51 29
110 41 29
11 142 29
28 54 1
14 33 1
86 51 29
82 35 29
96 5 29
1 15 29
98 51 29
7 51 1
15 46 1
66 59 29
26 42 1
3 39 1
102 42 29
17 166 29
22 55 1
13 37 1
62 63 2147483647
3 48 1
22 47 1
17 43 1
27 34 1
38 152 29
28 45 1
19 35 1
68 17 29
3 56 1
70 39 29
104 11 29
58 148 29
94 49 29
72 73 2147483647
7 33 1
27 54 1
68 3 29
5 59 1
31 126 29
112 5 29
47 160 29
3 40 1
25 39 1
58 124 29
54 172 29
25 158 29
29 118 29
8 37 1
16 51 1
116 7 29
71 72 2147483647
53 152 29
96 9 29
7 138 29
12 49 1
6 48 1
27 138 29
94 59 29
29 33 1
7 142 29
84 16 29
66 41 29
41 148 29
16 48 1
21 146 29
82 39 29
22 48 1
24 122 29
30 118 29
43 148 29
11 41 1
11 46 1
9 118 29
27 122 29
46 132 29
127 126 2147483647
147 146 2147483647
45 136 29
6 37 1
21 53 1
6 51 1
20 60 1
54 128 29
3 44 1
106 40 29
102 32 29
72 26 29
7 130 29
5 46 1
17 54 1
1 18 29
114 48 29
64 10 29
52 152 29
48 132 29
18 39 1
128 127 2147483647
106 59 29
30 56 1
96 30 29
80 18 29
149 148 2147483647
18 59 1
62 40 29
29 35 1
22 42 1
108 22 29
7 48 1
104 24 29
23 32 1
12 53 1
18 51 1
27 53 1
31 138 29
111 112 2147483647
92 27 29
16 60 1
27 170 29
16 37 1
108 21 29
26 57 1
9 32 1
14 48 1
42 156 29
74 40 29
4 56 1
50 128 29
11 50 1
14 59 1
58 172 29
82 32 29
21 40 1
4 40 1
100 3 29
19 45 1
34 132 29
26 54 1
6 49 1
14 41 1
96 19 29
25 42 1
22 49 1
14 40 1
64 31 29
86 87 2147483647
102 41 29
110 54 29
12 44 1
5 41 1
46 120 29
5 150 29
16 58 1
72 23 29
114 115 2147483647
114 58 29
80 4 29
18 40 1
56 148 29
31 166 29
30 38 1
3 43 1
112 28 29
64 4 29
52 132 29
45 160 29
106 54 29
56 172 29
14 154 29
20 56 1
100 24 29
7 126 29
21 142 29
70 32 29
86 38 29
72 31 29
80 8 29
21 35 1
20 35 1
8 34 1
39 164 29
32 168 29
114 60 29
26 38 1
66 67 2147483647
49 152 29
1 11 29
17 52 1
20 37 1
102 51 29
16 47 1
30 45 1
15 59 1
9 33 1
26 46 1
96 24 29
104 14 29
88 15 29
10 154 29
102 37 29
52 140 29
1 7 29
12 146 29
18 49 1
35 140 29
112 13 29
17 59 1
58 156 29
12 34 1
78 55 29
90 44 29
29 50 1
13 56 1
26 56 1
112 3 29
55 124 29
8 57 1
92 12 29
100 27 29
106 42 29
9 146 29
24 56 1
72 14 29
12 58 1
56 2 29
45 132 29
12 37 1
45 128 29
11 130 29
152 151 2147483647
23 39 1
26 35 1
116 29 29
9 39 1
84 8 29
9 52 1
7 38 1
68 20 29
4 49 1
31 46 1
74 41 29
45 140 29
38 148 29
114 46 29
90 47 29
72 15 29
70 44 29
20 130 29
57 140 29
90 46 29
32 140 29
76 7 29
25 118 29
6 42 1
36 2 29
51 128 29
15 41 1
100 101 2147483647
169 168 2147483647
1 22 29
30 54 1
55 132 29
30 170 29
3 146 29
22 44 1
17 60 1
40 124 29
84 29 29
16 41 1
102 103 2147483647
25 49 1
28 166 29
27 48 1
14 126 29
32 2 29
1 31 29
20 34 1
3 37 1
30 37 1
28 33 1
16 42 1
15 45 1
5 138 29
108 26 29
100 20 29
82 38 29
104 29 29
78 56 29
13 49 1
68 4 29
66 33 29
9 49 1
22 32 1
100 10 29
34 152 29
7 45 1
32 172 29
116 26 29
51 136 29
62 54 29
32 144 29
17 58 1
102 47 29
35 2 29
94 53 29
36 144 29
82 43 29
59 164 29
62 50 29
12 162 29
66 60 29
37 128 29
16 40 1
19 126 29
10 146 29
27 55 1
16 162 29
80 31 29
5 60 1
24 54 1
100 14 29
35 156 29
20 40 1
162 161 2147483647
82 45 29
46 140 29
11 45 1
12 57 1
33 144 29
27 142 29
14 146 29
124 123 2147483647
50 124 29
28 142 29
42 172 29
19 40 1
3 126 29
66 40 29
28 42 1
102 49 29
25 37 1
164 163 2147483647
10 158 29
84 12 29
98 41 29
10 38 1
96 7 29
25 41 1
44 160 29
106 58 29
102 50 29
12 170 29
5 37 1
57 148 29
11 39 1
61 62 2147483647
104 21 29
9 47 1
64 28 29
110 46 29
70 37 29
4 32 1
88 16 29
26 34 1
106 38 29
3 150 29
62 37 29
18 118 29
22 57 1
15 47 1
110 37 29
13 36 1
19 58 1
7 122 29
133 132 2147483647
55 2 29
18 126 29
15 36 1
106 49 29
84 14 29
19 55 1
17 40 1
36 164 29
26 39 1
106 53 29
31 40 1
119 118 2147483647
148 147 2147483647
28 53 1
11 33 1
52 164 29
22 56 1
31 58 1
151 150 2147483647
90 60 29
31 38 1
29 38 1
57 160 29
32 152 29
109 110 2147483647
24 45 1
13 126 29
64 11 29
11 54 1
80 9 29
29 138 29
110 35 29
139 138 2147483647
33 172 29
110 40 29
16 38 1
34 128 29
12 51 1
9 126 29
3 32 1
74 51 29
94 35 29
94 95 2147483647
25 53 1
14 36 1
90 35 29
50 132 29
56 140 29
20 126 29
8 166 29
8 150 29
27 130 29
5 39 1
1 27 29
16 142 29
30 41 1
17 49 1
70 43 29
106 47 29
112 9 29
107 108 2147483647
22 162 29
20 166 29
8 43 1
8 41 1
108 19 29
7 166 29
9 154 29
68 14 29
84 3 29
51 2 29
78 59 29
20 158 29
28 51 1
18 138 29
5 118 29
19 53 1
94 45 29
116 30 29
86 50 29
74 48 29
98 36 29
20 57 1
1 24 29
92 3 29
112 30 29
27 38 1
21 49 1
116 8 29
70 45 29
21 46 1
114 32 29
172 171 2147483647
19 150 29
108 14 29
68 19 29
49 144 29
18 36 1
29 56 1
76 23 29
90 59 29
4 59 1
88 20 29
28 59 1
8 56 1
102 59 29
84 22 29
8 58 1
25 45 1
74 49 29
13 40 1
54 132 29
24 170 29
18 53 1
98 53 29
8 49 1
74 36 29
86 43 29
4 34 1
49 148 29
42 128 29
31 48 1
18 33 1
105 106 2147483647
90 54 29
48 152 29
