232 4715 1 2
44 200 39
33 67 1
11 49 1
20 186 39
45 2 39
39 45 1
64 224 39
92 12 39
71 160 39
3 58 1
19 214 39
104 33 39
71 220 39
23 218 39
40 178 39
1 3 39
65 216 39
24 48 1
150 62 39
47 200 39
69 216 39
39 62 1
154 155 2147483647
55 164 39
8 202 39
30 48 1
19 74 1
42 172 39
56 192 39
140 26 39
136 11 39
96 15 39
58 176 39
90 69 39
67 180 39
56 168 39
88 10 39
10 51 1
21 214 39
40 52 1
50 204 39
96 39 39
8 62 1
148 14 39
156 25 39
84 33 39
138 71 39
37 54 1
58 168 39
148 149 2147483647
39 80 1
117 118 2147483647
18 68 1
25 174 39
5 61 1
152 34 39
13 59 1
28 50 1
41 158 39
17 158 39
120 26 39
136 4 39
112 31 39
120 30 39
122 56 39
100 9 39
67 176 39
24 54 1
142 73 39
3 79 1
132 18 39
9 54 1
33 174 39
22 50 1
82 69 39
36 54 1
7 47 1
130 63 39
63 200 39
1 11 39
7 214 39
92 14 39
124 40 39
32 214 39
16 42 1
114 68 39
41 57 1
110 62 39
28 71 1
152 7 39
41 194 39
49 200 39
3 73 1
156 20 39
136 38 39
150 67 39
72 2 39
110 52 39
132 11 39
9 226 39
38 214 39
56 208 39
84 3 39
156 33 39
132 40 39
41 76 1
28 210 39
24 50 1
16 43 1
125 126 2147483647
17 42 1
112 39 39
26 64 1
126 64 39
94 58 39
32 46 1
46 180 39
151 152 2147483647
110 78 39
86 55 39
32 53 1
27 182 39
59 172 39
80 192 39
67 184 39
13 70 1
77 204 39
148 28 39
14 60 1
124 16 39
16 70 1
53 172 39
71 216 39
26 69 1
102 43 39
4 69 1
18 230 39
48 188 39
148 27 39
20 57 1
142 66 39
18 69 1
40 65 1
77 2 39
154 49 39
35 57 1
44 176 39
77 164 39
26 226 39
66 184 39
9 44 1
3 166 39
124 37 39
134 46 39
142 49 39
128 40 39
73 200 39
10 61 1
112 40 39
25 77 1
194 193 2147483647
12 65 1
45 176 39
42 216 39
31 54 1
72 160 39
132 17 39
120 17 39
90 42 39
24 62 1
142 61 39
130 50 39
12 218 39
65 172 39
38 58 1
71 2 39
77 212 39
124 29 39
35 226 39
138 62 39
39 72 1
34 71 1
12 63 1
7 68 1
126 61 39
44 208 39
132 8 39
39 47 1
26 43 1
31 65 1
37 55 1
20 45 1
62 160 39
41 218 39
1 6 39
13 162 39
36 42 1
18 174 39
7 75 1
110 80 39
15 182 39
20 61 1
34 202 39
21 186 39
25 63 1
102 69 39
11 77 1
130 47 39
9 71 1
29 198 39
6 53 1
86 57 39
51 2 39
146 49 39
4 67 1
24 174 39
14 67 1
13 62 1
104 39 39
76 180 39
82 79 39
15 47 1
177 176 2147483647
17 79 1
10 48 1
32 66 1
63 2 39
22 65 1
10 43 1
100 18 39
96 13 39
5 64 1
6 54 1
12 210 39
52 188 39
150 69 39
1 19 39
49 168 39
75 180 39
14 63 1
100 35 39
114 49 39
34 63 1
31 47 1
126 52 39
69 168 39
42 196 39
154 70 39
35 79 1
78 172 39
9 210 39
112 41 39
41 63 1
118 64 39
9 76 1
112 6 39
25 222 39
56 224 39
24 166 39
74 224 39
24 74 1
10 57 1
140 38 39
63 208 39
88 14 39
8 58 1
124 8 39
3 68 1
36 64 1
9 79 1
16 53 1
25 178 39
146 60 39
21 198 39
82 72 39
104 41 39
14 162 39
10 170 39
23 55 1
30 50 1
124 39 39
26 44 1
29 56 1
12 44 1
82 66 39
92 25 39
46 224 39
110 55 39
61 212 39
154 77 39
120 38 39
20 44 1
25 49 1
4 198 39
90 64 39
32 52 1
152 24 39
25 64 1
29 48 1
1 15 39
86 47 39
154 51 39
150 50 39
10 79 1
122 42 39
23 182 39
122 71 39
140 12 39
18 206 39
76 216 39
197 196 2147483647
104 32 39
140 34 39
39 206 39
52 212 39
9 194 39
13 218 39
7 56 1
27 79 1
120 29 39
34 57 1
20 230 39
39 222 39
104 29 39
32 174 39
23 61 1
124 19 39
120 27 39
120 6 39
136 31 39
51 160 39
90 53 39
96 14 39
43 232 39
134 51 39
114 71 39
136 21 39
52 220 39
52 228 39
7 63 1
37 79 1
22 44 1
19 73 1
41 70 1
46 164 39
31 162 39
128 7 39
19 226 39
28 44 1
124 15 39
27 80 1
156 16 39
35 58 1
104 15 39
16 190 39
6 67 1
144 20 39
53 168 39
28 194 39
30 170 39
13 73 1
124 17 39
35 230 39
25 210 39
56 212 39
28 75 1
90 46 39
25 43 1
73 2 39
7 80 1
144 10 39
10 65 1
144 13 39
80 184 39
60 220 39
31 74 1
83 84 2147483647
92 27 39
98 99 2147483647
46 176 39
79 188 39
21 170 39
3 67 1
90 63 39
8 64 1
132 3 39
66 204 39
144 39 39
35 158 39
112 38 39
6 61 1
37 166 39
186 185 2147483647
136 137 2147483647
15 53 1
64 204 39
63 192 39
23 210 39
7 70 1
70 164 39
28 218 39
128 6 39
110 60 39
39 230 39
38 57 1
112 33 39
6 45 1
7 48 1
39 166 39
40 60 1
43 200 39
110 73 39
61 180 39
32 45 1
14 47 1
138 80 39
21 194 39
14 226 39
114 61 39
13 76 1
108 33 39
130 57 39
31 58 1
64 2 39
6 44 1
124 125 2147483647
24 178 39
136 3 39
96 26 39
82 62 39
5 50 1
32 60 1
143 144 2147483647
110 57 39
66 216 39
7 67 1
34 218 39
98 47 39
4 218 39
150 66 39
37 50 1
90 45 39
28 198 39
66 164 39
17 166 39
9 56 1
4 76 1
152 3 39
22 58 1
19 59 1
118 59 39
3 218 39
15 69 1
100 10 39
16 230 39
5 68 1
140 14 39
26 230 39
24 73 1
18 54 1
56 200 39
30 58 1
29 52 1
30 194 39
11 71 1
34 59 1
8 42 1
75 216 39
31 45 1
7 222 39
1 8 39
148 39 39
104 24 39
6 51 1
88 20 39
152 26 39
138 47 39
70 228 39
126 74 39
26 47 1
152 19 39
148 4 39
18 77 1
18 74 1
20 76 1
96 16 39
140 141 2147483647
98 73 39
12 178 39
1 22 39
120 34 39
46 168 39
3 186 39
156 32 39
7 210 39
29 65 1
94 95 2147483647
70 208 39
20 58 1
10 226 39
57 192 39
26 174 39
40 64 1
22 210 39
21 76 1
138 56 39
148 22 39
9 47 1
100 15 39
142 77 39
6 166 39
19 50 1
122 76 39
8 44 1
19 52 1
24 67 1
45 184 39
120 9 39
15 214 39
6 80 1
140 35 39
3 59 1
10 72 1
84 16 39
19 70 1
49 180 39
92 93 2147483647
65 2 39
102 65 39
23 178 39
98 48 39
102 47 39
100 38 39
22 59 1
132 16 39
79 184 39
30 214 39
196 195 2147483647
10 63 1
88 17 39
62 168 39
108 109 2147483647
3 43 1
106 72 39
25 60 1
18 56 1
122 53 39
88 89 2147483647
55 200 39
116 25 39
132 19 39
146 58 39
87 88 2147483647
76 200 39
138 43 39
15 49 1
27 190 39
26 178 39
108 16 39
100 17 39
5 57 1
154 80 39
17 67 1
86 79 39
37 64 1
29 194 39
148 32 39
203 202 2147483647
4 50 1
94 65 39
27 48 1
156 39 39
4 174 39
21 166 39
37 58 1
118 49 39
118 63 39
82 65 39
15 65 1
33 226 39
14 54 1
19 47 1
33 57 1
29 53 1
11 210 39
28 46 1
126 79 39
114 50 39
37 67 1
25 50 1
18 58 1
82 56 39
11 198 39
154 67 39
104 17 39
30 59 1
128 18 39
14 76 1
90 65 39
84 11 39
37 46 1
16 75 1
19 230 39
94 49 39
86 43 39
47 228 39
54 196 39
126 70 39
156 9 39
154 71 39
110 43 39
4 226 39
118 55 39
37 56 1
106 75 39
140 30 39
150 60 39
12 79 1
39 174 39
118 50 39
65 184 39
12 68 1
138 59 39
61 228 39
96 19 39
15 166 39
9 73 1
30 222 39
146 62 39
46 172 39
108 41 39
16 50 1
138 52 39
130 44 39
142 50 39
70 196 39
75 232 39
9 80 1
108 25 39
54 180 39
37 65 1
11 79 1
126 127 2147483647
26 218 39
37 44 1
52 168 39
90 60 39
116 24 39
92 19 39
152 18 39
98 57 39
40 186 39
18 170 39
69 220 39
5 66 1
118 42 39
122 45 39
63 168 39
13 65 1
12 80 1
134 52 39
22 71 1
29 44 1
1 33 39
82 83 2147483647
9 68 1
136 41 39
16 64 1
102 79 39
32 44 1
23 71 1
13 46 1
152 38 39
6 194 39
13 52 1
142 55 39
78 188 39
17 47 1
32 56 1
86 71 39
120 121 2147483647
120 11 39
122 43 39
130 66 39
53 228 39
21 74 1
152 22 39
116 11 39
21 65 1
28 63 1
148 36 39
148 23 39
148 11 39
208 207 2147483647
32 62 1
112 16 39
34 186 39
122 46 39
148 31 39
93 94 2147483647
20 53 1
156 36 39
152 13 39
30 79 1
19 67 1
14 198 39
140 15 39
29 78 1
48 164 39
6 178 39
156 14 39
26 51 1
17 230 39
27 214 39
17 58 1
44 180 39
89 90 2147483647
144 6 39
90 77 39
82 68 39
62 176 39
229 228 2147483647
11 47 1
114 44 39
134 75 39
31 210 39
27 68 1
47 164 39
24 206 39
22 166 39
146 63 39
67 160 39
122 58 39
58 216 39
68 160 39
21 72 1
32 230 39
31 77 1
48 220 39
8 214 39
18 72 1
38 67 1
96 41 39
37 62 1
48 176 39
33 206 39
90 58 39
18 50 1
94 77 39
3 222 39
69 204 39
76 204 39
29 55 1
67 208 39
36 43 1
108 8 39
30 70 1
22 63 1
61 188 39
118 80 39
30 42 1
112 37 39
16 202 39
69 164 39
5 80 1
65 220 39
140 31 39
144 34 39
24 51 1
32 226 39
41 54 1
80 176 39
134 62 39
15 72 1
116 4 39
41 80 1
17 51 1
41 46 1
14 70 1
22 66 1
126 67 39
30 178 39
118 78 39
1 13 39
39 202 39
56 160 39
150 53 39
74 196 39
45 196 39
144 29 39
122 47 39
20 72 1
30 73 1
6 174 39
6 42 1
90 56 39
86 49 39
26 49 1
84 40 39
104 105 2147483647
12 226 39
39 60 1
102 78 39
7 45 1
70 180 39
75 184 39
6 46 1
27 67 1
124 21 39
172 171 2147483647
118 65 39
79 2 39
108 26 39
110 53 39
13 74 1
11 194 39
13 214 39
56 196 39
49 216 39
31 158 39
31 226 39
8 190 39
7 54 1
41 61 1
98 71 39
118 62 39
25 80 1
8 71 1
102 59 39
37 222 39
40 194 39
76 176 39
23 78 1
94 79 39
31 72 1
34 52 1
56 220 39
58 180 39
23 186 39
27 60 1
54 228 39
67 220 39
136 28 39
104 23 39
12 198 39
34 44 1
120 40 39
98 65 39
21 218 39
88 11 39
26 45 1
23 170 39
9 214 39
92 18 39
86 77 39
146 61 39
112 9 39
142 56 39
148 20 39
108 20 39
27 42 1
11 162 39
33 54 1
15 58 1
82 59 39
66 208 39
30 174 39
34 50 1
146 54 39
18 66 1
8 79 1
144 26 39
33 66 1
65 212 39
71 212 39
3 158 39
102 103 2147483647
29 186 39
43 208 39
7 174 39
7 53 1
33 62 1
57 224 39
148 35 39
24 57 1
26 68 1
132 13 39
46 188 39
22 68 1
94 44 39
27 58 1
14 52 1
120 5 39
142 51 39
26 72 1
74 172 39
142 46 39
11 222 39
88 4 39
148 33 39
13 202 39
140 23 39
200 199 2147483647
41 56 1
33 198 39
18 78 1
49 212 39
79 220 39
118 67 39
39 75 1
34 66 1
61 2 39
112 20 39
152 23 39
52 164 39
146 67 39
28 61 1
145 146 2147483647
44 232 39
82 60 39
14 56 1
31 67 1
39 71 1
72 224 39
36 53 1
34 73 1
33 218 39
23 162 39
4 43 1
144 15 39
79 204 39
29 214 39
57 216 39
21 53 1
57 184 39
68 208 39
134 42 39
18 202 39
20 158 39
126 44 39
100 13 39
3 75 1
40 206 39
27 226 39
134 45 39
4 206 39
22 218 39
14 186 39
52 200 39
32 198 39
66 180 39
36 186 39
231 230 2147483647
37 170 39
104 3 39
12 66 1
54 160 39
122 80 39
27 230 39
10 66 1
49 184 39
82 58 39
8 56 1
7 65 1
25 67 1
26 162 39
24 63 1
146 48 39
113 114 2147483647
3 70 1
73 228 39
77 220 39
63 228 39
118 43 39
116 28 39
130 65 39
134 74 39
122 62 39
1 18 39
32 57 1
15 57 1
51 196 39
114 73 39
63 160 39
88 15 39
55 228 39
31 59 1
47 212 39
15 44 1
12 42 1
138 50 39
54 220 39
114 65 39
23 198 39
78 216 39
15 162 39
39 61 1
21 55 1
26 170 39
140 37 39
142 72 39
90 59 39
80 224 39
35 78 1
121 122 2147483647
14 42 1
90 71 39
11 59 1
41 222 39
37 43 1
25 46 1
22 62 1
27 70 1
114 56 39
10 222 39
3 47 1
10 44 1
15 42 1
73 160 39
12 62 1
4 210 39
30 218 39
140 10 39
39 64 1
10 67 1
132 21 39
18 51 1
18 158 39
134 63 39
8 174 39
11 68 1
42 168 39
152 21 39
28 182 39
28 70 1
146 59 39
37 76 1
36 198 39
74 208 39
30 226 39
35 170 39
228 227 2147483647
118 71 39
35 68 1
17 62 1
76 2 39
118 75 39
15 77 1
20 178 39
84 30 39
86 45 39
108 19 39
68 180 39
116 34 39
122 44 39
40 170 39
34 65 1
62 184 39
124 3 39
35 60 1
30 67 1
110 77 39
36 68 1
28 158 39
36 210 39
4 44 1
156 31 39
33 78 1
124 41 39
19 198 39
72 172 39
129 130 2147483647
10 218 39
16 71 1
7 77 1
104 27 39
116 22 39
94 75 39
32 222 39
45 200 39
35 54 1
108 22 39
34 42 1
120 3 39
102 57 39
35 47 1
112 19 39
25 70 1
52 184 39
17 54 1
45 216 39
120 7 39
40 69 1
130 67 39
38 206 39
36 178 39
5 162 39
31 166 39
37 182 39
116 18 39
86 80 39
146 72 39
26 74 1
84 29 39
35 218 39
136 17 39
12 49 1
31 49 1
150 51 39
35 75 1
41 170 39
90 68 39
36 222 39
118 79 39
138 73 39
26 75 1
130 51 39
27 51 1
102 55 39
126 71 39
36 74 1
35 64 1
16 59 1
100 40 39
5 79 1
98 78 39
35 65 1
94 76 39
35 74 1
128 37 39
43 192 39
114 51 39
134 72 39
4 202 39
38 76 1
79 200 39
45 180 39
36 182 39
8 75 1
118 53 39
144 12 39
92 13 39
16 66 1
34 48 1
120 32 39
25 45 1
31 66 1
152 27 39
100 26 39
39 73 1
33 46 1
169 168 2147483647
72 216 39
28 67 1
38 60 1
128 31 39
108 4 39
86 72 39
140 41 39
41 78 1
30 210 39
80 220 39
116 29 39
37 218 39
4 230 39
134 68 39
112 24 39
92 4 39
84 4 39
50 176 39
100 25 39
37 63 1
78 224 39
8 206 39
100 21 39
3 77 1
51 228 39
18 65 1
27 53 1
102 72 39
130 73 39
40 57 1
147 148 2147483647
70 192 39
34 70 1
67 232 39
118 54 39
102 73 39
63 204 39
33 230 39
46 2 39
7 55 1
34 170 39
110 64 39
65 160 39
10 71 1
31 214 39
108 35 39
96 27 39
38 170 39
150 58 39
232 231 2147483647
6 55 1
128 24 39
27 174 39
211 210 2147483647
35 76 1
86 70 39
98 56 39
77 184 39
96 25 39
156 15 39
5 60 1
29 182 39
120 19 39
15 230 39
5 214 39
140 8 39
150 79 39
46 192 39
46 184 39
102 54 39
56 2 39
47 2 39
4 62 1
17 190 39
34 54 1
25 58 1
140 22 39
18 52 1
5 178 39
64 200 39
144 145 2147483647
16 158 39
15 59 1
130 70 39
68 2 39
34 45 1
7 43 1
62 172 39
14 65 1
3 42 1
40 63 1
116 3 39
17 46 1
26 48 1
57 204 39
92 11 39
55 184 39
8 194 39
28 73 1
75 204 39
9 182 39
19 51 1
152 9 39
38 69 1
6 59 1
84 32 39
14 194 39
56 180 39
56 204 39
59 192 39
65 176 39
39 70 1
27 59 1
111 112 2147483647
53 180 39
59 2 39
29 80 1
24 170 39
11 63 1
13 174 39
24 58 1
142 52 39
24 47 1
72 192 39
35 72 1
64 196 39
55 168 39
11 190 39
108 3 39
68 224 39
14 206 39
25 182 39
82 73 39
24 190 39
26 202 39
106 76 39
71 168 39
34 74 1
77 200 39
34 210 39
26 50 1
108 12 39
79 172 39
190 189 2147483647
17 65 1
124 10 39
126 60 39
7 226 39
9 74 1
88 12 39
77 168 39
56 172 39
104 10 39
44 212 39
23 206 39
31 71 1
33 52 1
134 135 2147483647
34 56 1
16 76 1
20 46 1
96 12 39
139 140 2147483647
62 232 39
30 74 1
11 226 39
74 228 39
80 204 39
40 226 39
14 68 1
12 59 1
17 186 39
102 62 39
28 59 1
142 43 39
33 72 1
76 184 39
34 43 1
71 192 39
76 220 39
6 62 1
68 212 39
167 166 2147483647
39 78 1
106 74 39
45 160 39
112 113 2147483647
28 186 39
8 182 39
70 172 39
67 212 39
130 64 39
65 192 39
23 57 1
124 32 39
15 158 39
150 73 39
34 80 1
98 46 39
92 16 39
90 79 39
140 21 39
98 70 39
24 158 39
40 66 1
92 5 39
136 40 39
86 69 39
36 72 1
142 44 39
102 70 39
18 73 1
150 75 39
1 14 39
15 80 1
18 76 1
138 78 39
12 60 1
10 194 39
49 188 39
16 45 1
12 69 1
17 194 39
104 18 39
20 182 39
100 32 39
11 52 1
84 14 39
25 55 1
90 67 39
138 66 39
37 72 1
33 71 1
64 172 39
5 48 1
16 182 39
35 52 1
116 36 39
29 77 1
5 58 1
136 12 39
11 78 1
26 58 1
50 200 39
150 68 39
76 188 39
1 17 39
46 208 39
154 69 39
134 48 39
66 192 39
130 131 2147483647
79 212 39
75 188 39
42 188 39
36 76 1
108 23 39
82 43 39
11 61 1
36 206 39
88 18 39
112 21 39
14 73 1
16 222 39
130 43 39
3 226 39
76 196 39
175 174 2147483647
9 70 1
52 192 39
114 72 39
12 170 39
24 182 39
134 54 39
122 61 39
50 196 39
128 34 39
142 42 39
110 44 39
54 168 39
149 150 2147483647
132 24 39
150 44 39
130 60 39
33 166 39
142 76 39
61 196 39
110 61 39
33 79 1
54 224 39
8 210 39
54 204 39
17 198 39
136 29 39
6 68 1
138 54 39
20 63 1
142 74 39
13 170 39
84 15 39
156 11 39
15 190 39
132 27 39
142 80 39
45 228 39
98 79 39
75 212 39
7 158 39
120 25 39
55 204 39
3 230 39
37 230 39
5 54 1
39 53 1
46 220 39
96 6 39
58 212 39
82 51 39
61 164 39
98 77 39
90 48 39
5 76 1
31 48 1
112 14 39
12 55 1
23 54 1
38 71 1
156 19 39
17 162 39
34 47 1
51 164 39
110 54 39
126 63 39
9 78 1
140 13 39
98 53 39
75 2 39
120 18 39
1 7 39
41 69 1
134 70 39
6 69 1
4 53 1
94 66 39
116 33 39
4 66 1
33 58 1
76 168 39
88 6 39
9 55 1
29 69 1
25 73 1
7 202 39
32 206 39
152 40 39
26 206 39
44 184 39
108 31 39
1 32 39
28 174 39
30 230 39
41 162 39
108 30 39
39 77 1
33 80 1
138 49 39
104 34 39
150 46 39
31 42 1
174 173 2147483647
19 194 39
53 2 39
21 158 39
47 160 39
88 37 39
114 47 39
146 44 39
16 56 1
19 174 39
92 26 39
28 77 1
98 43 39
152 10 39
116 9 39
18 61 1
38 210 39
5 170 39
78 228 39
104 14 39
31 56 1
100 37 39
3 49 1
102 66 39
20 162 39
73 212 39
112 26 39
28 66 1
150 76 39
35 194 39
25 65 1
144 17 39
28 222 39
94 42 39
28 68 1
106 47 39
13 226 39
55 192 39
88 30 39
12 174 39
48 160 39
15 51 1
106 71 39
163 162 2147483647
102 75 39
32 74 1
23 214 39
24 230 39
53 204 39
82 75 39
140 25 39
182 181 2147483647
32 178 39
71 180 39
136 19 39
4 166 39
22 75 1
209 208 2147483647
34 162 39
152 39 39
23 73 1
37 71 1
24 76 1
88 39 39
34 64 1
39 214 39
15 67 1
99 100 2147483647
96 18 39
22 69 1
154 58 39
118 74 39
130 69 39
57 196 39
14 174 39
21 57 1
71 188 39
23 80 1
116 10 39
31 43 1
35 44 1
31 68 1
41 71 1
13 63 1
130 68 39
18 43 1
29 43 1
41 67 1
16 206 39
164 163 2147483647
35 61 1
44 216 39
122 65 39
126 76 39
22 46 1
70 232 39
122 67 39
46 196 39
79 176 39
28 226 39
146 74 39
75 176 39
17 214 39
20 218 39
84 13 39
100 33 39
37 190 39
64 192 39
64 168 39
33 45 1
43 224 39
96 32 39
152 12 39
18 218 39
3 53 1
130 46 39
8 222 39
69 180 39
24 52 1
94 48 39
13 66 1
156 37 39
23 76 1
75 224 39
110 79 39
34 226 39
124 12 39
161 160 2147483647
96 24 39
15 56 1
79 224 39
37 210 39
92 22 39
23 158 39
21 66 1
27 63 1
110 51 39
84 35 39
11 170 39
8 45 1
110 47 39
36 65 1
70 204 39
44 168 39
146 64 39
26 76 1
29 49 1
130 77 39
94 46 39
16 62 1
8 74 1
138 53 39
45 168 39
126 59 39
22 57 1
100 34 39
27 52 1
96 35 39
21 78 1
94 57 39
5 222 39
28 52 1
118 57 39
5 70 1
144 16 39
74 216 39
13 69 1
22 72 1
3 202 39
26 57 1
144 24 39
48 224 39
223 222 2147483647
38 68 1
8 72 1
71 184 39
18 62 1
21 45 1
14 71 1
110 72 39
13 44 1
128 13 39
80 160 39
50 192 39
146 70 39
63 184 39
10 50 1
63 176 39
52 204 39
68 204 39
142 71 39
28 230 39
13 68 1
38 77 1
74 168 39
73 216 39
126 69 39
154 59 39
74 184 39
126 46 39
9 230 39
19 45 1
22 48 1
48 2 39
183 182 2147483647
106 54 39
110 75 39
37 69 1
19 79 1
82 42 39
36 48 1
11 57 1
77 192 39
74 204 39
150 45 39
58 160 39
154 47 39
26 65 1
23 44 1
102 67 39
10 78 1
31 194 39
152 32 39
72 184 39
23 194 39
8 66 1
130 62 39
126 58 39
5 226 39
36 170 39
28 60 1
118 69 39
13 55 1
134 57 39
118 119 2147483647
18 226 39
78 200 39
5 73 1
35 55 1
32 49 1
67 200 39
36 174 39
48 212 39
65 196 39
40 42 1
120 14 39
104 36 39
8 158 39
17 68 1
25 158 39
57 180 39
41 58 1
38 74 1
65 204 39
18 55 1
20 190 39
205 204 2147483647
42 224 39
102 50 39
29 230 39
29 74 1
67 188 39
38 174 39
23 60 1
70 188 39
92 17 39
100 8 39
16 60 1
41 75 1
96 31 39
55 2 39
27 162 39
63 220 39
16 78 1
45 172 39
154 54 39
50 168 39
43 160 39
61 232 39
6 63 1
112 25 39
14 61 1
34 190 39
25 72 1
150 57 39
84 19 39
14 50 1
24 198 39
19 53 1
5 78 1
68 188 39
30 75 1
140 3 39
29 66 1
18 63 1
31 73 1
110 49 39
106 42 39
148 15 39
8 43 1
28 178 39
22 78 1
18 178 39
90 73 39
36 194 39
31 80 1
9 69 1
8 59 1
12 43 1
22 190 39
40 71 1
36 77 1
7 71 1
37 78 1
69 200 39
146 47 39
100 6 39
21 190 39
51 172 39
92 38 39
126 62 39
82 76 39
40 202 39
132 10 39
150 59 39
98 69 39
29 166 39
108 24 39
22 52 1
37 61 1
140 20 39
39 178 39
20 69 1
116 23 39
50 180 39
187 186 2147483647
20 49 1
104 26 39
21 58 1
44 2 39
106 50 39
49 208 39
73 172 39
65 228 39
33 59 1
72 212 39
57 168 39
104 21 39
156 10 39
43 216 39
138 77 39
124 7 39
24 214 39
124 31 39
23 50 1
130 59 39
103 104 2147483647
124 22 39
140 7 39
50 2 39
77 216 39
199 198 2147483647
155 156 2147483647
152 14 39
18 46 1
5 72 1
162 161 2147483647
74 164 39
34 194 39
1 37 39
96 9 39
62 204 39
34 49 1
16 72 1
118 48 39
82 47 39
39 52 1
51 192 39
57 172 39
23 70 1
14 46 1
7 64 1
26 79 1
35 174 39
154 74 39
14 190 39
112 17 39
5 186 39
34 178 39
52 224 39
36 75 1
8 186 39
49 164 39
106 62 39
20 43 1
46 216 39
75 172 39
47 204 39
36 166 39
32 47 1
148 6 39
132 133 2147483647
11 46 1
45 204 39
1 29 39
10 182 39
73 168 39
32 80 1
152 41 39
112 13 39
3 210 39
61 160 39
38 73 1
142 70 39
213 212 2147483647
96 34 39
45 188 39
33 210 39
12 71 1
140 18 39
39 67 1
24 218 39
100 5 39
36 162 39
37 53 1
4 170 39
154 46 39
22 178 39
19 71 1
68 228 39
13 42 1
53 212 39
26 210 39
156 21 39
22 60 1
136 36 39
132 20 39
16 69 1
84 34 39
29 57 1
33 158 39
40 190 39
140 9 39
71 232 39
13 56 1
102 58 39
11 202 39
156 26 39
16 48 1
78 212 39
21 162 39
11 186 39
29 63 1
92 3 39
122 60 39
106 73 39
33 222 39
136 5 39
134 77 39
24 60 1
112 8 39
154 53 39
82 44 39
90 61 39
86 54 39
33 49 1
80 228 39
82 77 39
26 222 39
144 30 39
17 174 39
106 48 39
54 176 39
148 24 39
31 178 39
62 220 39
64 220 39
100 29 39
78 196 39
11 166 39
7 186 39
69 228 39
36 73 1
140 33 39
34 77 1
15 222 39
102 42 39
94 73 39
92 37 39
8 162 39
23 75 1
32 42 1
12 57 1
40 59 1
106 44 39
116 14 39
94 70 39
68 232 39
90 74 39
122 69 39
16 214 39
84 39 39
79 160 39
11 174 39
1 38 39
60 196 39
27 62 1
118 72 39
10 73 1
72 196 39
31 75 1
130 71 39
22 174 39
114 60 39
7 166 39
142 68 39
1 27 39
41 42 1
32 50 1
3 214 39
19 66 1
92 23 39
66 176 39
36 214 39
21 178 39
11 158 39
34 67 1
108 21 39
24 71 1
100 20 39
60 176 39
27 55 1
68 184 39
56 184 39
82 46 39
33 76 1
5 53 1
19 202 39
35 210 39
78 168 39
204 203 2147483647
96 7 39
112 15 39
16 58 1
80 164 39
13 45 1
132 38 39
210 209 2147483647
74 176 39
90 62 39
13 54 1
17 76 1
18 49 1
36 218 39
107 108 2147483647
33 75 1
104 12 39
19 49 1
51 184 39
3 198 39
72 164 39
152 25 39
43 180 39
28 65 1
132 28 39
41 43 1
70 224 39
77 232 39
67 164 39
4 71 1
29 47 1
24 77 1
34 230 39
34 46 1
14 49 1
35 214 39
156 29 39
40 70 1
138 48 39
14 214 39
128 12 39
5 42 1
75 160 39
18 190 39
12 72 1
132 22 39
37 74 1
3 54 1
94 56 39
39 68 1
44 220 39
112 36 39
65 224 39
38 78 1
28 202 39
14 64 1
188 187 2147483647
94 61 39
7 60 1
21 77 1
78 176 39
17 202 39
11 230 39
69 212 39
148 17 39
10 74 1
37 42 1
106 107 2147483647
20 64 1
140 6 39
32 63 1
62 216 39
23 63 1
9 62 1
59 160 39
102 64 39
62 208 39
55 180 39
14 59 1
8 80 1
32 78 1
24 78 1
4 222 39
50 188 39
32 162 39
66 212 39
140 27 39
19 182 39
34 55 1
150 151 2147483647
128 28 39
28 64 1
27 66 1
142 53 39
77 176 39
86 46 39
94 50 39
41 65 1
12 78 1
40 45 1
41 226 39
212 211 2147483647
38 222 39
25 54 1
22 230 39
88 13 39
57 176 39
53 216 39
21 56 1
31 170 39
120 23 39
65 180 39
80 200 39
10 178 39
39 74 1
82 61 39
38 186 39
42 160 39
58 184 39
96 36 39
12 51 1
7 178 39
82 74 39
110 74 39
154 66 39
136 34 39
25 42 1
38 230 39
24 42 1
39 210 39
13 222 39
67 2 39
41 48 1
34 158 39
32 77 1
146 69 39
14 53 1
21 46 1
25 47 1
3 69 1
14 210 39
28 49 1
59 196 39
130 48 39
60 216 39
45 192 39
39 182 39
1 31 39
134 71 39
24 43 1
48 204 39
1 9 39
10 210 39
41 50 1
88 3 39
40 58 1
1 36 39
40 51 1
38 63 1
138 72 39
11 44 1
40 53 1
10 158 39
118 77 39
156 24 39
142 64 39
11 53 1
22 194 39
33 56 1
63 232 39
20 214 39
70 216 39
136 37 39
60 200 39
38 194 39
69 224 39
6 170 39
88 28 39
24 65 1
114 78 39
37 60 1
33 186 39
36 58 1
40 55 1
92 34 39
39 226 39
32 48 1
26 54 1
157 2 2147483647
15 186 39
132 9 39
7 198 39
142 143 2147483647
40 62 1
35 66 1
24 70 1
30 56 1
35 50 1
41 77 1
84 9 39
19 61 1
41 47 1
29 60 1
58 164 39
140 28 39
59 204 39
1 12 39
64 176 39
78 160 39
91 92 2147483647
146 43 39
30 46 1
8 198 39
128 9 39
128 129 2147483647
39 66 1
104 28 39
84 21 39
73 208 39
112 23 39
138 44 39
132 39 39
9 206 39
144 32 39
104 37 39
108 38 39
154 75 39
80 212 39
37 162 39
10 58 1
31 70 1
3 64 1
6 60 1
38 46 1
53 184 39
25 76 1
142 58 39
156 18 39
58 228 39
150 74 39
128 29 39
102 68 39
32 76 1
126 77 39
10 53 1
3 178 39
128 35 39
58 208 39
144 9 39
140 19 39
86 60 39
15 64 1
78 220 39
33 44 1
150 61 39
53 164 39
146 65 39
148 41 39
23 202 39
42 204 39
132 30 39
78 164 39
30 45 1
136 26 39
25 44 1
21 79 1
12 53 1
100 4 39
33 182 39
92 6 39
38 226 39
82 57 39
53 220 39
17 60 1
52 232 39
7 44 1
132 26 39
8 166 39
126 48 39
31 51 1
5 218 39
136 32 39
134 61 39
12 158 39
132 4 39
114 115 2147483647
84 10 39
98 59 39
29 73 1
16 218 39
59 208 39
88 24 39
86 58 39
41 230 39
5 166 39
114 42 39
30 72 1
35 182 39
29 70 1
156 34 39
110 48 39
24 162 39
14 75 1
3 44 1
108 27 39
6 64 1
102 48 39
25 170 39
23 166 39
77 180 39
6 162 39
80 172 39
35 56 1
18 64 1
35 73 1
108 11 39
90 72 39
21 52 1
126 57 39
62 192 39
63 224 39
154 62 39
4 158 39
4 60 1
68 176 39
60 168 39
90 54 39
224 223 2147483647
1 10 39
59 180 39
126 49 39
86 52 39
122 54 39
13 58 1
112 30 39
154 42 39
25 194 39
14 182 39
28 54 1
29 62 1
26 59 1
40 76 1
13 72 1
52 208 39
112 18 39
128 32 39
30 44 1
23 49 1
10 230 39
29 170 39
51 224 39
64 212 39
25 69 1
146 80 39
142 69 39
7 61 1
122 57 39
26 182 39
126 66 39
33 50 1
37 51 1
25 206 39
28 45 1
32 158 39
120 28 39
226 225 2147483647
34 61 1
27 78 1
73 164 39
26 46 1
7 76 1
22 170 39
27 47 1
114 54 39
16 55 1
33 194 39
138 70 39
25 53 1
28 51 1
227 226 2147483647
100 24 39
120 37 39
37 214 39
191 190 2147483647
138 65 39
21 59 1
63 212 39
70 160 39
27 186 39
82 45 39
28 80 1
88 19 39
134 76 39
9 49 1
3 55 1
27 170 39
110 45 39
71 172 39
28 58 1
29 76 1
92 29 39
7 79 1
32 210 39
130 80 39
31 62 1
18 186 39
84 18 39
116 31 39
7 46 1
22 61 1
9 77 1
100 36 39
77 228 39
130 45 39
106 78 39
80 232 39
96 20 39
136 15 39
56 228 39
90 52 39
14 202 39
41 198 39
19 56 1
144 11 39
148 7 39
12 230 39
43 220 39
48 196 39
130 78 39
21 202 39
132 29 39
14 62 1
4 48 1
14 66 1
34 53 1
128 20 39
5 47 1
120 35 39
8 53 1
58 220 39
146 46 39
102 44 39
96 23 39
31 174 39
73 184 39
19 78 1
53 188 39
122 52 39
98 68 39
134 43 39
116 19 39
23 46 1
168 167 2147483647
13 206 39
152 17 39
118 47 39
41 55 1
40 46 1
9 57 1
45 212 39
3 190 39
30 53 1
18 48 1
8 76 1
79 164 39
138 45 39
23 47 1
69 172 39
74 232 39
20 226 39
144 35 39
9 64 1
40 43 1
29 61 1
130 75 39
136 24 39
144 5 39
128 27 39
35 59 1
16 166 39
116 35 39
21 61 1
114 58 39
94 78 39
106 77 39
21 54 1
98 74 39
118 66 39
60 228 39
66 168 39
43 188 39
132 35 39
84 17 39
126 42 39
135 136 2147483647
114 62 39
100 12 39
98 52 39
46 228 39
44 196 39
114 67 39
41 66 1
23 42 1
94 74 39
134 69 39
26 42 1
38 166 39
116 40 39
25 51 1
154 63 39
7 58 1
131 132 2147483647
146 76 39
41 60 1
154 68 39
116 27 39
54 216 39
8 65 1
124 24 39
16 174 39
198 197 2147483647
27 75 1
19 68 1
40 230 39
50 164 39
154 50 39
110 59 39
11 66 1
116 21 39
8 78 1
84 37 39
4 56 1
54 2 39
59 168 39
4 61 1
61 192 39
51 168 39
98 49 39
128 33 39
128 4 39
39 48 1
3 63 1
79 228 39
132 36 39
33 70 1
64 160 39
94 55 39
39 59 1
96 5 39
134 55 39
12 222 39
124 5 39
33 178 39
12 56 1
51 200 39
40 182 39
154 78 39
36 49 1
6 77 1
57 228 39
22 56 1
124 38 39
4 47 1
3 61 1
104 19 39
118 45 39
32 64 1
20 71 1
41 44 1
4 190 39
23 74 1
38 44 1
9 53 1
94 53 39
1 24 39
15 178 39
104 20 39
43 176 39
55 224 39
134 80 39
104 7 39
27 158 39
24 68 1
46 204 39
31 79 1
71 200 39
21 44 1
25 66 1
19 72 1
114 55 39
22 222 39
156 30 39
88 8 39
32 73 1
132 15 39
66 188 39
38 65 1
7 190 39
55 220 39
61 216 39
32 79 1
39 42 1
84 85 2147483647
44 172 39
8 230 39
3 78 1
31 218 39
60 208 39
33 162 39
21 71 1
74 212 39
148 34 39
136 23 39
14 178 39
130 76 39
35 63 1
5 74 1
128 36 39
104 38 39
75 192 39
28 62 1
152 29 39
40 222 39
31 61 1
36 63 1
66 220 39
124 13 39
54 200 39
112 4 39
126 68 39
74 2 39
41 202 39
119 120 2147483647
148 30 39
114 48 39
128 30 39
154 44 39
4 79 1
32 71 1
120 39 39
53 208 39
57 2 39
12 206 39
116 20 39
74 160 39
27 56 1
80 168 39
57 232 39
10 42 1
219 218 2147483647
24 45 1
41 210 39
24 194 39
30 64 1
22 47 1
98 50 39
18 182 39
6 75 1
23 190 39
40 214 39
32 43 1
3 60 1
32 170 39
48 168 39
11 76 1
15 55 1
148 29 39
3 56 1
18 70 1
166 165 2147483647
77 208 39
112 5 39
69 160 39
4 55 1
144 37 39
114 70 39
26 186 39
10 166 39
20 66 1
43 2 39
9 48 1
31 52 1
1 21 39
54 192 39
36 60 1
11 56 1
63 196 39
20 47 1
8 51 1
136 27 39
88 5 39
24 80 1
128 19 39
30 55 1
41 49 1
11 80 1
22 186 39
120 4 39
19 158 39
35 46 1
28 56 1
20 198 39
88 33 39
30 49 1
17 72 1
79 180 39
59 188 39
33 74 1
4 214 39
42 200 39
88 21 39
156 22 39
120 36 39
122 74 39
20 170 39
36 62 1
25 71 1
20 202 39
112 29 39
4 52 1
61 176 39
116 16 39
43 196 39
92 30 39
57 208 39
79 196 39
22 80 1
20 74 1
52 176 39
23 65 1
38 47 1
84 6 39
62 224 39
128 26 39
15 61 1
8 60 1
60 212 39
144 19 39
3 51 1
124 27 39
25 79 1
35 71 1
112 3 39
22 198 39
114 57 39
78 232 39
18 214 39
19 222 39
82 64 39
12 74 1
22 55 1
34 76 1
8 47 1
4 162 39
60 188 39
114 52 39
3 76 1
38 51 1
16 226 39
16 194 39
14 218 39
82 55 39
9 43 1
23 52 1
112 7 39
32 54 1
60 224 39
138 60 39
153 154 2147483647
50 208 39
33 63 1
124 9 39
17 56 1
28 53 1
140 17 39
112 34 39
28 69 1
39 69 1
20 48 1
7 218 39
106 69 39
3 72 1
144 28 39
12 58 1
76 192 39
118 44 39
128 22 39
67 216 39
76 164 39
114 69 39
31 44 1
22 74 1
124 4 39
144 18 39
20 55 1
46 200 39
92 28 39
138 68 39
13 51 1
16 210 39
142 48 39
68 220 39
61 168 39
120 15 39
3 62 1
207 206 2147483647
140 36 39
17 70 1
56 216 39
26 80 1
142 54 39
21 48 1
16 49 1
22 79 1
9 52 1
44 228 39
124 30 39
40 158 39
42 232 39
38 198 39
3 45 1
34 68 1
10 60 1
82 54 39
19 190 39
62 180 39
69 192 39
32 186 39
71 224 39
24 55 1
10 77 1
96 17 39
4 49 1
82 70 39
136 10 39
128 11 39
15 62 1
41 178 39
47 172 39
47 184 39
31 69 1
150 52 39
92 10 39
38 53 1
152 33 39
15 198 39
9 65 1
31 186 39
29 42 1
106 52 39
11 72 1
116 13 39
6 158 39
58 224 39
136 35 39
24 56 1
11 70 1
3 46 1
30 61 1
25 190 39
82 80 39
11 75 1
38 66 1
100 41 39
7 194 39
22 182 39
79 192 39
31 50 1
13 50 1
124 20 39
86 53 39
38 50 1
106 55 39
96 40 39
6 226 39
10 174 39
57 220 39
5 62 1
73 196 39
4 78 1
72 220 39
126 51 39
193 192 2147483647
84 26 39
9 202 39
132 7 39
36 45 1
40 166 39
39 218 39
118 56 39
102 49 39
128 15 39
27 166 39
20 56 1
20 50 1
152 28 39
65 168 39
24 210 39
9 67 1
90 50 39
31 64 1
27 206 39
6 206 39
144 7 39
21 69 1
25 226 39
122 77 39
47 216 39
5 206 39
61 220 39
132 6 39
30 186 39
19 170 39
104 25 39
69 188 39
19 44 1
146 71 39
35 62 1
53 224 39
122 79 39
114 79 39
27 202 39
94 54 39
67 172 39
11 67 1
126 50 39
20 78 1
72 200 39
17 50 1
72 228 39
12 70 1
34 214 39
110 71 39
48 180 39
144 22 39
68 200 39
33 68 1
67 204 39
18 71 1
27 44 1
26 67 1
14 43 1
16 67 1
98 58 39
154 61 39
114 77 39
47 196 39
26 158 39
26 214 39
6 47 1
100 39 39
154 60 39
136 20 39
86 73 39
138 139 2147483647
38 45 1
7 72 1
28 72 1
27 69 1
23 64 1
63 216 39
52 216 39
39 186 39
26 61 1
34 182 39
142 45 39
15 45 1
70 220 39
37 45 1
110 70 39
16 79 1
16 61 1
60 204 39
29 64 1
138 58 39
17 61 1
19 75 1
52 160 39
104 35 39
20 80 1
75 220 39
26 71 1
115 116 2147483647
4 58 1
122 70 39
7 50 1
38 190 39
94 51 39
22 73 1
98 60 39
20 60 1
36 47 1
10 80 1
146 56 39
120 12 39
84 25 39
37 186 39
142 67 39
15 78 1
120 16 39
116 37 39
20 222 39
62 228 39
16 198 39
72 208 39
7 52 1
84 12 39
11 48 1
59 232 39
57 164 39
116 15 39
72 232 39
25 186 39
20 70 1
41 214 39
12 214 39
144 23 39
142 63 39
120 31 39
154 72 39
58 188 39
5 46 1
122 59 39
96 28 39
4 63 1
134 79 39
37 48 1
126 75 39
29 45 1
35 69 1
41 73 1
138 57 39
17 66 1
18 198 39
4 57 1
88 34 39
17 48 1
132 5 39
84 27 39
62 212 39
11 214 39
142 57 39
44 188 39
37 178 39
96 8 39
120 8 39
39 44 1
16 68 1
51 180 39
5 44 1
82 49 39
37 226 39
32 67 1
40 162 39
134 66 39
30 71 1
122 73 39
53 232 39
116 117 2147483647
11 178 39
140 29 39
40 72 1
47 180 39
92 20 39
31 60 1
102 74 39
86 63 39
165 164 2147483647
110 69 39
10 54 1
60 232 39
39 79 1
30 80 1
15 48 1
216 215 2147483647
13 198 39
82 63 39
118 61 39
14 55 1
20 62 1
122 72 39
128 5 39
66 200 39
33 65 1
146 73 39
94 47 39
64 216 39
82 50 39
9 178 39
154 79 39
156 5 39
18 166 39
36 226 39
34 58 1
98 55 39
20 210 39
71 196 39
15 174 39
84 24 39
181 180 2147483647
9 190 39
21 80 1
23 45 1
156 35 39
124 26 39
148 5 39
16 47 1
86 67 39
26 73 1
30 52 1
126 56 39
110 58 39
19 162 39
15 68 1
61 224 39
38 56 1
24 53 1
61 184 39
27 194 39
134 60 39
19 54 1
23 58 1
41 51 1
130 58 39
34 174 39
38 72 1
24 46 1
152 153 2147483647
55 160 39
36 57 1
73 180 39
106 56 39
38 75 1
84 36 39
1 28 39
106 58 39
68 168 39
22 64 1
78 2 39
30 47 1
39 170 39
14 158 39
57 212 39
98 80 39
38 64 1
116 39 39
48 184 39
108 39 39
74 180 39
22 54 1
154 76 39
44 164 39
42 212 39
189 188 2147483647
98 63 39
106 60 39
66 232 39
4 59 1
106 46 39
15 75 1
108 32 39
23 226 39
156 38 39
12 75 1
20 206 39
1 26 39
47 192 39
33 47 1
9 58 1
105 106 2147483647
37 80 1
76 212 39
76 208 39
84 23 39
156 28 39
60 172 39
101 102 2147483647
14 48 1
19 48 1
17 45 1
146 55 39
108 15 39
41 68 1
14 57 1
136 25 39
21 64 1
86 66 39
150 64 39
156 23 39
31 78 1
148 10 39
96 38 39
27 71 1
20 51 1
39 50 1
42 208 39
3 170 39
16 178 39
20 52 1
138 51 39
6 210 39
8 69 1
3 182 39
94 69 39
6 50 1
13 47 1
148 8 39
7 182 39
58 204 39
64 188 39
90 57 39
108 14 39
11 55 1
25 74 1
35 48 1
73 188 39
21 50 1
146 53 39
30 60 1
137 138 2147483647
86 65 39
90 47 39
37 194 39
120 21 39
152 5 39
144 40 39
92 39 39
156 17 39
64 232 39
23 79 1
39 76 1
29 72 1
16 51 1
25 78 1
20 166 39
17 69 1
134 56 39
100 27 39
57 160 39
102 51 39
5 55 1
24 66 1
30 206 39
86 87 2147483647
20 59 1
173 172 2147483647
24 69 1
148 40 39
90 76 39
42 180 39
16 46 1
47 208 39
146 52 39
31 182 39
10 62 1
20 42 1
90 44 39
32 190 39
134 47 39
120 13 39
59 184 39
40 80 1
108 9 39
6 52 1
7 73 1
104 31 39
24 64 1
102 45 39
140 4 39
3 66 1
158 157 2147483647
7 51 1
14 69 1
78 204 39
88 16 39
73 204 39
30 182 39
88 26 39
36 202 39
46 212 39
10 59 1
6 70 1
25 230 39
75 228 39
114 53 39
24 49 1
6 202 39
144 8 39
28 190 39
38 158 39
19 60 1
110 63 39
74 220 39
15 202 39
150 80 39
63 164 39
45 164 39
37 73 1
122 49 39
12 73 1
96 21 39
38 54 1
15 54 1
90 91 2147483647
122 75 39
85 86 2147483647
16 65 1
134 64 39
61 204 39
71 176 39
12 162 39
35 178 39
10 68 1
22 226 39
10 47 1
122 123 2147483647
104 22 39
45 232 39
76 160 39
34 166 39
5 59 1
130 53 39
128 16 39
15 70 1
29 54 1
67 224 39
30 78 1
55 216 39
29 75 1
52 172 39
132 14 39
28 43 1
112 28 39
6 73 1
128 25 39
62 200 39
73 220 39
21 60 1
104 9 39
6 56 1
22 206 39
54 188 39
33 214 39
180 179 2147483647
4 80 1
28 78 1
33 53 1
88 38 39
39 162 39
42 228 39
34 79 1
176 175 2147483647
5 56 1
82 67 39
146 57 39
34 78 1
148 13 39
41 64 1
40 218 39
59 164 39
15 46 1
4 54 1
78 184 39
114 43 39
67 192 39
154 57 39
220 219 2147483647
77 196 39
152 6 39
68 216 39
225 224 2147483647
104 8 39
24 75 1
80 2 39
132 25 39
35 202 39
18 59 1
48 216 39
26 194 39
22 49 1
24 59 1
88 25 39
122 63 39
29 178 39
144 25 39
106 61 39
26 66 1
56 232 39
108 18 39
16 80 1
23 174 39
11 60 1
61 200 39
1 41 39
13 57 1
10 56 1
146 79 39
21 222 39
15 71 1
62 196 39
26 190 39
79 168 39
20 77 1
102 60 39
184 183 2147483647
21 174 39
18 222 39
114 45 39
27 57 1
128 10 39
18 42 1
90 51 39
55 232 39
6 48 1
170 169 2147483647
7 78 1
33 170 39
34 60 1
84 5 39
23 56 1
96 30 39
86 64 39
43 184 39
11 42 1
10 198 39
9 174 39
27 43 1
31 198 39
51 232 39
128 8 39
23 67 1
28 214 39
29 202 39
148 12 39
43 172 39
49 176 39
64 228 39
47 176 39
9 46 1
64 180 39
50 220 39
146 78 39
37 70 1
25 218 39
29 46 1
109 110 2147483647
26 77 1
114 59 39
39 54 1
9 63 1
94 52 39
118 60 39
10 190 39
4 65 1
55 188 39
102 56 39
7 62 1
21 43 1
6 49 1
110 66 39
120 10 39
221 220 2147483647
58 2 39
28 166 39
25 61 1
122 78 39
102 46 39
20 73 1
152 36 39
5 63 1
38 80 1
1 39 39
84 7 39
12 182 39
72 188 39
26 62 1
69 184 39
100 28 39
88 22 39
28 47 1
40 78 1
142 62 39
60 2 39
13 71 1
20 65 1
67 196 39
54 208 39
34 75 1
39 190 39
23 222 39
5 198 39
156 6 39
32 70 1
100 30 39
96 29 39
21 68 1
104 16 39
6 198 39
138 69 39
4 186 39
12 64 1
55 196 39
50 224 39
92 32 39
14 45 1
3 206 39
7 59 1
144 31 39
102 63 39
7 230 39
78 208 39
127 128 2147483647
39 194 39
65 164 39
20 68 1
9 61 1
40 68 1
36 56 1
17 53 1
4 72 1
195 194 2147483647
138 64 39
34 72 1
134 44 39
78 180 39
14 170 39
32 51 1
23 53 1
106 80 39
8 68 1
97 98 2147483647
41 186 39
75 168 39
138 63 39
4 70 1
39 57 1
30 68 1
50 212 39
29 50 1
134 50 39
29 58 1
19 80 1
5 71 1
126 45 39
150 71 39
222 221 2147483647
21 210 39
5 210 39
86 48 39
6 65 1
34 62 1
30 65 1
23 77 1
37 202 39
29 59 1
41 190 39
13 64 1
144 27 39
88 35 39
6 190 39
86 56 39
150 63 39
66 196 39
50 172 39
6 230 39
156 3 39
104 13 39
29 71 1
70 168 39
10 186 39
50 160 39
23 66 1
39 198 39
38 49 1
11 45 1
21 73 1
138 55 39
37 75 1
90 49 39
8 54 1
15 170 39
82 71 39
98 67 39
74 192 39
98 64 39
86 61 39
1 23 39
19 43 1
124 28 39
36 69 1
6 58 1
144 41 39
156 8 39
53 200 39
94 63 39
10 49 1
9 218 39
92 21 39
39 49 1
8 218 39
104 11 39
106 65 39
94 80 39
7 49 1
16 52 1
27 73 1
32 65 1
82 48 39
8 70 1
134 58 39
35 70 1
138 42 39
29 68 1
72 204 39
21 42 1
104 30 39
17 78 1
10 214 39
19 42 1
32 166 39
14 74 1
3 48 1
6 182 39
17 206 39
1 81 2147483647
30 190 39
128 21 39
13 61 1
22 43 1
46 232 39
76 224 39
152 37 39
100 23 39
8 61 1
98 45 39
69 232 39
16 73 1
26 60 1
41 52 1
8 52 1
36 59 1
5 182 39
138 76 39
41 59 1
17 226 39
25 62 1
50 228 39
102 61 39
33 69 1
36 78 1
6 74 1
17 44 1
132 32 39
206 205 2147483647
12 190 39
110 67 39
32 75 1
15 206 39
33 77 1
106 51 39
142 47 39
11 50 1
96 37 39
73 176 39
140 24 39
92 35 39
17 182 39
84 41 39
19 77 1
10 76 1
9 158 39
12 46 1
33 60 1
25 56 1
17 77 1
140 16 39
48 172 39
136 30 39
77 172 39
15 79 1
4 42 1
64 164 39
78 192 39
66 2 39
114 63 39
73 192 39
40 56 1
110 111 2147483647
88 7 39
4 77 1
24 202 39
32 59 1
50 216 39
128 23 39
20 79 1
56 176 39
24 72 1
56 188 39
122 50 39
21 47 1
146 68 39
40 47 1
80 188 39
118 73 39
96 10 39
114 75 39
19 210 39
36 80 1
49 172 39
17 170 39
34 51 1
35 222 39
70 176 39
214 213 2147483647
90 78 39
92 9 39
82 78 39
12 61 1
51 220 39
6 218 39
134 73 39
1 4 39
27 77 1
13 80 1
152 11 39
108 7 39
58 200 39
11 218 39
18 75 1
4 178 39
51 176 39
118 52 39
138 67 39
58 232 39
19 186 39
76 228 39
100 14 39
130 52 39
4 74 1
16 77 1
98 62 39
15 66 1
27 49 1
45 224 39
29 206 39
96 22 39
28 76 1
12 54 1
35 77 1
45 220 39
51 216 39
47 224 39
35 45 1
8 63 1
100 22 39
25 48 1
112 32 39
154 64 39
35 67 1
102 76 39
13 194 39
40 174 39
98 66 39
95 96 2147483647
128 41 39
90 66 39
5 194 39
11 51 1
53 196 39
86 75 39
136 14 39
13 166 39
25 75 1
3 174 39
84 28 39
47 168 39
116 26 39
36 61 1
54 212 39
106 70 39
123 124 2147483647
40 210 39
92 36 39
159 158 2147483647
140 39 39
32 55 1
3 162 39
14 77 1
33 61 1
154 55 39
108 40 39
138 74 39
150 43 39
6 222 39
202 201 2147483647
41 45 1
41 174 39
27 54 1
60 164 39
94 64 39
14 72 1
22 70 1
114 76 39
84 38 39
154 43 39
1 5 39
134 67 39
86 74 39
31 230 39
152 20 39
42 220 39
19 62 1
118 76 39
110 76 39
26 55 1
54 172 39
108 13 39
1 30 39
9 42 1
52 196 39
5 77 1
7 206 39
80 180 39
5 51 1
19 166 39
17 74 1
36 55 1
28 55 1
26 198 39
21 49 1
148 3 39
19 65 1
9 170 39
13 48 1
94 68 39
12 47 1
144 21 39
14 230 39
148 25 39
15 43 1
110 42 39
11 74 1
92 40 39
37 198 39
27 50 1
22 42 1
88 27 39
27 198 39
32 68 1
5 49 1
40 50 1
15 194 39
217 216 2147483647
152 4 39
23 62 1
88 32 39
38 61 1
30 43 1
35 166 39
142 75 39
8 73 1
152 35 39
30 202 39
34 69 1
1 34 39
22 67 1
146 75 39
49 220 39
30 69 1
82 53 39
8 57 1
32 194 39
13 190 39
13 178 39
136 7 39
120 22 39
34 198 39
17 222 39
44 160 39
76 172 39
25 198 39
18 47 1
18 57 1
49 224 39
59 200 39
28 74 1
8 170 39
142 60 39
37 206 39
14 222 39
28 206 39
17 52 1
130 49 39
40 74 1
126 53 39
43 228 39
25 57 1
40 73 1
112 27 39
4 182 39
19 206 39
138 46 39
26 52 1
32 72 1
32 202 39
154 48 39
31 76 1
138 61 39
128 3 39
88 23 39
38 42 1
36 51 1
68 192 39
19 178 39
54 184 39
98 75 39
3 194 39
92 15 39
22 77 1
116 38 39
132 34 39
8 50 1
114 46 39
77 188 39
41 206 39
9 186 39
30 162 39
27 64 1
39 65 1
84 31 39
8 67 1
185 184 2147483647
69 176 39
10 55 1
31 222 39
18 53 1
5 174 39
13 158 39
37 47 1
26 70 1
98 72 39
59 212 39
100 3 39
70 200 39
10 75 1
27 65 1
71 228 39
77 160 39
43 204 39
86 68 39
71 208 39
98 54 39
150 47 39
25 68 1
4 45 1
29 218 39
27 222 39
8 55 1
17 73 1
9 45 1
21 63 1
20 67 1
23 43 1
27 46 1
40 61 1
148 37 39
136 33 39
27 76 1
88 41 39
38 202 39
31 190 39
19 46 1
38 62 1
148 16 39
67 228 39
9 75 1
94 60 39
58 196 39
3 71 1
154 56 39
30 166 39
130 61 39
98 42 39
118 51 39
102 53 39
14 80 1
44 224 39
37 57 1
39 55 1
40 49 1
69 208 39
21 70 1
13 79 1
118 70 39
36 230 39
108 36 39
29 222 39
148 21 39
5 67 1
108 29 39
88 40 39
22 158 39
47 232 39
11 73 1
16 44 1
53 192 39
10 202 39
41 74 1
15 50 1
41 182 39
23 51 1
39 56 1
36 158 39
80 216 39
41 62 1
18 162 39
22 214 39
21 67 1
92 31 39
146 42 39
12 45 1
49 204 39
29 190 39
9 50 1
55 176 39
53 160 39
94 72 39
48 192 39
27 178 39
24 186 39
80 208 39
20 75 1
9 60 1
81 82 2147483647
106 57 39
14 44 1
8 49 1
3 74 1
35 198 39
1 16 39
116 6 39
92 24 39
9 72 1
71 204 39
70 212 39
86 62 39
31 63 1
9 222 39
28 170 39
154 52 39
38 178 39
17 43 1
31 206 39
150 56 39
27 45 1
18 60 1
13 77 1
48 232 39
21 226 39
1 35 39
15 52 1
141 142 2147483647
106 64 39
130 72 39
5 75 1
130 54 39
19 63 1
34 222 39
134 59 39
86 51 39
136 13 39
9 198 39
26 166 39
192 191 2147483647
61 172 39
92 8 39
36 52 1
6 79 1
35 43 1
122 66 39
32 58 1
66 228 39
84 20 39
37 174 39
29 158 39
29 79 1
108 28 39
144 14 39
29 210 39
148 9 39
126 54 39
27 210 39
106 66 39
14 78 1
31 55 1
47 188 39
51 212 39
59 220 39
94 43 39
100 16 39
102 80 39
16 186 39
44 192 39
72 168 39
30 158 39
24 79 1
156 4 39
100 11 39
10 45 1
38 70 1
94 71 39
18 194 39
96 11 39
43 168 39
38 48 1
69 196 39
41 72 1
17 218 39
7 69 1
88 9 39
138 75 39
39 63 1
40 75 1
26 56 1
94 45 39
68 196 39
29 51 1
36 66 1
25 214 39
118 46 39
5 45 1
124 6 39
30 77 1
54 164 39
6 43 1
36 79 1
122 64 39
116 32 39
110 68 39
30 62 1
144 36 39
144 38 39
52 2 39
90 43 39
126 55 39
60 160 39
100 7 39
96 3 39
98 76 39
18 67 1
35 53 1
33 42 1
154 45 39
156 27 39
3 65 1
15 226 39
7 170 39
86 42 39
150 54 39
36 44 1
38 55 1
152 15 39
140 40 39
132 23 39
39 158 39
76 232 39
74 200 39
22 76 1
3 50 1
37 66 1
133 134 2147483647
65 188 39
33 202 39
118 68 39
56 164 39
150 49 39
10 206 39
38 218 39
20 194 39
80 196 39
124 33 39
108 5 39
60 192 39
32 69 1
37 77 1
96 4 39
19 76 1
49 160 39
152 8 39
38 79 1
36 50 1
152 16 39
110 65 39
19 218 39
40 48 1
13 43 1
122 51 39
34 206 39
124 35 39
116 12 39
5 202 39
64 208 39
138 79 39
12 50 1
8 48 1
62 188 39
124 34 39
142 59 39
156 12 39
65 208 39
108 6 39
12 48 1
35 80 1
1 25 39
6 66 1
7 162 39
142 78 39
19 57 1
23 69 1
16 63 1
37 52 1
84 22 39
21 62 1
136 16 39
1 40 39
36 46 1
53 176 39
39 58 1
28 42 1
4 51 1
42 164 39
23 230 39
41 166 39
148 26 39
86 44 39
108 10 39
57 200 39
57 188 39
17 55 1
13 186 39
46 160 39
8 46 1
124 11 39
134 65 39
18 210 39
48 228 39
6 78 1
152 30 39
150 65 39
112 22 39
10 162 39
136 6 39
156 41 39
29 67 1
75 196 39
25 166 39
130 79 39
134 53 39
74 188 39
25 59 1
124 25 39
23 72 1
32 61 1
68 164 39
66 224 39
39 46 1
16 57 1
146 51 39
128 17 39
120 24 39
106 49 39
47 220 39
31 53 1
142 79 39
45 208 39
15 63 1
11 182 39
41 53 1
35 49 1
5 69 1
128 38 39
71 164 39
140 32 39
96 97 2147483647
94 59 39
62 164 39
39 43 1
140 5 39
6 186 39
136 22 39
116 30 39
49 228 39
33 64 1
100 101 2147483647
100 31 39
21 230 39
126 47 39
49 196 39
37 158 39
86 50 39
3 57 1
5 190 39
142 65 39
42 184 39
10 69 1
150 70 39
28 57 1
4 194 39
40 77 1
7 57 1
126 72 39
38 59 1
24 226 39
59 216 39
5 158 39
33 51 1
13 53 1
179 178 2147483647
29 174 39
30 63 1
37 49 1
18 79 1
44 204 39
19 58 1
15 60 1
156 40 39
114 64 39
9 51 1
33 48 1
1 20 39
6 76 1
22 202 39
106 59 39
65 200 39
86 59 39
18 44 1
178 177 2147483647
40 79 1
36 190 39
160 159 2147483647
38 52 1
26 78 1
66 160 39
8 226 39
132 41 39
35 186 39
136 8 39
30 57 1
58 192 39
70 184 39
7 74 1
90 70 39
116 7 39
146 147 2147483647
17 80 1
150 78 39
12 67 1
40 198 39
35 206 39
12 166 39
146 45 39
98 51 39
42 2 39
79 216 39
15 210 39
154 73 39
104 4 39
13 182 39
30 198 39
5 230 39
49 232 39
126 43 39
152 31 39
39 51 1
90 75 39
37 59 1
11 58 1
128 14 39
116 5 39
66 172 39
33 55 1
58 172 39
79 208 39
4 68 1
60 180 39
21 206 39
9 59 1
150 48 39
15 73 1
33 73 1
5 43 1
14 79 1
60 184 39
73 224 39
132 12 39
9 166 39
156 13 39
218 217 2147483647
148 19 39
36 71 1
17 71 1
12 186 39
75 200 39
35 42 1
4 46 1
11 43 1
11 54 1
150 72 39
3 52 1
108 37 39
15 218 39
49 192 39
79 232 39
63 180 39
4 64 1
55 172 39
4 73 1
50 184 39
50 232 39
90 55 39
92 41 39
102 71 39
112 10 39
40 54 1
24 44 1
94 67 39
110 56 39
33 190 39
12 76 1
64 184 39
55 212 39
72 180 39
28 79 1
86 78 39
98 61 39
106 45 39
114 66 39
13 230 39
215 214 2147483647
9 66 1
13 49 1
25 162 39
126 73 39
120 33 39
70 2 39
10 46 1
11 206 39
104 40 39
154 65 39
130 56 39
120 20 39
30 76 1
88 29 39
59 228 39
17 75 1
6 57 1
171 170 2147483647
63 172 39
51 204 39
106 63 39
10 70 1
106 67 39
118 58 39
51 208 39
124 36 39
13 78 1
140 11 39
88 31 39
102 52 39
33 43 1
122 68 39
40 67 1
6 72 1
134 78 39
18 45 1
114 74 39
17 57 1
72 176 39
28 162 39
150 77 39
106 79 39
114 80 39
11 64 1
61 208 39
146 50 39
98 44 39
136 9 39
20 174 39
230 229 2147483647
22 45 1
68 172 39
11 62 1
96 33 39
110 50 39
106 43 39
21 75 1
112 11 39
49 2 39
35 162 39
90 80 39
17 59 1
132 37 39
12 52 1
144 3 39
31 46 1
92 7 39
67 168 39
14 58 1
16 162 39
29 226 39
32 182 39
55 208 39
108 17 39
27 61 1
132 33 39
23 48 1
24 222 39
17 63 1
42 176 39
156 7 39
25 52 1
130 42 39
146 66 39
19 64 1
112 12 39
11 69 1
27 218 39
63 188 39
23 68 1
51 188 39
15 74 1
126 78 39
134 49 39
36 70 1
122 55 39
36 67 1
92 33 39
77 224 39
108 34 39
30 66 1
5 52 1
7 66 1
21 182 39
136 39 39
31 202 39
12 202 39
37 68 1
15 76 1
35 51 1
17 210 39
27 72 1
201 200 2147483647
11 65 1
144 33 39
6 214 39
16 170 39
23 59 1
19 69 1
7 42 1
84 8 39
22 51 1
102 77 39
14 166 39
54 232 39
59 176 39
120 41 39
124 14 39
148 38 39
4 75 1
22 53 1
9 162 39
124 23 39
14 51 1
31 57 1
29 162 39
13 75 1
6 71 1
25 202 39
106 68 39
69 2 39
104 6 39
5 65 1
73 232 39
75 164 39
59 224 39
130 74 39
16 54 1
110 46 39
128 39 39
17 178 39
8 77 1
132 31 39
126 80 39
62 2 39
52 180 39
130 55 39
146 77 39
32 218 39
26 63 1
42 192 39
106 53 39
75 208 39
116 17 39
38 162 39
116 41 39
82 52 39
30 54 1
13 210 39
122 48 39
88 36 39
10 64 1
100 19 39
38 182 39
136 18 39
17 49 1
126 65 39
65 232 39
48 200 39
17 64 1
13 60 1
16 74 1
116 8 39
8 178 39
3 80 1
38 43 1
124 18 39
28 48 1
10 52 1
150 55 39
27 74 1
104 5 39
112 35 39
19 55 1
30 51 1
21 51 1
12 77 1
13 67 1
48 208 39
144 4 39
24 61 1
18 80 1
20 54 1
26 53 1
43 212 39
94 62 39
150 42 39
86 76 39
40 44 1
35 190 39
148 18 39
12 194 39
41 79 1
22 162 39
43 164 39
