292 7395 1 2
40 90 1
102 77 49
120 5 49
19 266 49
19 79 1
172 4 49
17 82 1
26 90 1
149 150 2147483647
184 26 49
12 68 1
36 55 1
194 65 49
53 236 49
99 232 49
13 73 1
90 204 49
9 80 1
154 93 49
154 98 49
162 70 49
44 99 1
178 71 49
150 85 49
116 21 49
180 17 49
14 98 1
64 244 49
28 234 49
78 228 49
110 63 49
24 92 1
22 90 1
62 208 49
162 53 49
132 3 49
158 59 49
102 83 49
48 83 1
142 64 49
112 4 49
9 99 1
184 34 49
180 16 49
40 84 1
80 232 49
9 91 1
38 254 49
95 220 49
87 200 49
112 113 2147483647
98 276 49
122 90 49
196 48 49
98 272 49
36 87 1
41 78 1
6 55 1
23 62 1
104 15 49
67 292 49
10 198 49
144 21 49
225 224 2147483647
14 54 1
182 96 49
72 224 49
6 71 1
78 220 49
138 72 49
40 99 1
174 64 49
51 81 1
44 80 1
112 12 49
91 276 49
40 92 1
66 292 49
174 71 49
71 292 49
112 33 49
45 79 1
20 64 1
43 95 1
23 79 1
13 64 1
122 83 49
34 78 1
92 276 49
90 264 49
9 61 1
26 99 1
42 262 49
146 57 49
78 292 49
186 92 49
31 198 49
10 218 49
75 204 49
37 290 49
184 45 49
35 282 49
287 286 2147483647
116 41 49
50 75 1
102 94 49
108 41 49
174 98 49
56 204 49
196 28 49
70 260 49
11 82 1
9 218 49
152 25 49
37 96 1
4 81 1
98 224 49
112 34 49
94 204 49
104 6 49
41 250 49
25 198 49
17 202 49
12 290 49
124 26 49
49 84 1
43 65 1
184 30 49
142 92 49
32 69 1
22 53 1
194 195 2147483647
32 214 49
88 204 49
1 13 49
158 96 49
124 29 49
138 99 49
196 51 49
8 67 1
138 85 49
142 67 49
142 63 49
93 264 49
188 48 49
51 58 1
33 69 1
81 244 49
134 92 49
75 224 49
39 71 1
26 246 49
17 100 1
45 63 1
176 12 49
108 34 49
158 95 49
187 188 2147483647
196 14 49
31 242 49
37 91 1
10 67 1
126 78 49
6 67 1
46 57 1
6 77 1
49 59 1
57 264 49
40 69 1
6 90 1
69 292 49
120 6 49
70 220 49
43 67 1
98 236 49
65 228 49
192 11 49
14 81 1
77 240 49
64 260 49
102 103 2147483647
106 107 2147483647
24 95 1
55 248 49
135 136 2147483647
19 71 1
19 86 1
132 20 49
136 18 49
63 212 49
9 60 1
190 68 49
86 212 49
42 87 1
204 203 2147483647
162 91 49
64 284 49
51 86 1
190 83 49
86 232 49
42 198 49
63 252 49
162 65 49
24 270 49
253 252 2147483647
102 55 49
138 91 49
162 54 49
186 65 49
82 248 49
162 62 49
152 18 49
71 212 49
30 274 49
5 214 49
74 228 49
154 59 49
196 40 49
100 292 49
6 80 1
152 48 49
22 278 49
35 198 49
118 62 49
43 286 49
95 292 49
15 87 1
19 62 1
174 56 49
70 284 49
95 288 49
112 26 49
59 260 49
194 55 49
116 18 49
22 78 1
46 222 49
43 214 49
44 61 1
19 210 49
122 99 49
54 216 49
28 278 49
5 258 49
55 2 49
172 51 49
45 282 49
30 93 1
8 90 1
178 74 49
47 65 1
1 31 49
26 222 49
16 70 1
118 98 49
12 206 49
9 57 1
15 234 49
112 38 49
25 250 49
17 77 1
110 85 49
38 286 49
186 97 49
132 10 49
106 90 49
24 67 1
78 232 49
46 56 1
176 46 49
158 88 49
87 224 49
164 7 49
25 282 49
188 25 49
178 91 49
50 86 1
188 10 49
35 254 49
139 140 2147483647
12 278 49
3 59 1
9 93 1
94 216 49
7 92 1
35 210 49
25 258 49
42 96 1
35 59 1
168 24 49
114 92 49
77 276 49
88 292 49
192 49 49
35 270 49
52 208 49
37 262 49
73 268 49
190 66 49
44 55 1
84 292 49
19 84 1
12 53 1
73 256 49
136 51 49
42 270 49
44 206 49
34 69 1
122 55 49
87 284 49
18 290 49
146 89 49
265 264 2147483647
21 234 49
91 204 49
52 216 49
120 46 49
72 204 49
28 98 1
55 204 49
86 244 49
69 228 49
40 66 1
35 242 49
17 64 1
74 208 49
116 30 49
42 68 1
176 25 49
99 292 49
126 60 49
148 35 49
24 97 1
7 80 1
10 250 49
79 204 49
34 230 49
122 78 49
110 95 49
72 280 49
136 49 49
26 55 1
60 280 49
13 54 1
36 94 1
19 81 1
116 22 49
42 64 1
164 11 49
18 72 1
45 85 1
39 94 1
152 41 49
45 81 1
12 230 49
170 73 49
132 133 2147483647
38 59 1
44 290 49
10 234 49
39 250 49
196 38 49
4 270 49
13 278 49
31 230 49
31 61 1
20 238 49
73 228 49
207 206 2147483647
18 270 49
166 81 49
116 37 49
28 72 1
38 210 49
53 292 49
188 17 49
50 55 1
44 58 1
31 92 1
24 69 1
184 12 49
174 83 49
148 48 49
44 69 1
25 238 49
3 78 1
15 85 1
112 29 49
35 78 1
73 208 49
122 71 49
45 59 1
45 58 1
154 55 49
81 248 49
26 282 49
190 95 49
36 58 1
19 83 1
26 258 49
104 28 49
28 75 1
58 260 49
146 95 49
33 222 49
170 60 49
192 41 49
22 77 1
84 284 49
181 182 2147483647
8 83 1
49 81 1
9 72 1
150 78 49
50 53 1
118 87 49
29 262 49
45 54 1
83 216 49
164 20 49
85 288 49
81 240 49
38 198 49
40 274 49
168 49 49
6 95 1
288 287 2147483647
112 24 49
64 280 49
24 78 1
96 292 49
128 44 49
9 98 1
40 57 1
197 2 2147483647
23 82 1
10 73 1
134 85 49
77 256 49
184 20 49
34 202 49
47 57 1
90 216 49
140 14 49
158 52 49
38 270 49
122 63 49
140 12 49
10 54 1
78 244 49
21 290 49
31 238 49
10 91 1
176 24 49
140 6 49
25 69 1
20 210 49
16 258 49
8 55 1
38 53 1
40 282 49
160 51 49
128 51 49
41 75 1
21 99 1
114 57 49
108 36 49
7 254 49
92 292 49
18 274 49
104 10 49
221 220 2147483647
10 74 1
93 272 49
80 292 49
95 252 49
80 284 49
16 242 49
148 47 49
152 15 49
38 226 49
134 89 49
37 84 1
172 43 49
172 20 49
10 286 49
19 56 1
79 212 49
21 54 1
134 62 49
104 4 49
75 240 49
21 206 49
10 282 49
240 239 2147483647
14 94 1
190 191 2147483647
94 284 49
174 74 49
28 100 1
14 198 49
40 72 1
25 93 1
136 7 49
9 230 49
166 90 49
4 230 49
27 74 1
20 100 1
120 42 49
146 62 49
160 29 49
36 64 1
4 52 1
18 83 1
28 74 1
162 94 49
71 204 49
43 62 1
136 17 49
87 216 49
35 55 1
176 47 49
53 284 49
39 64 1
150 86 49
136 48 49
126 83 49
102 99 49
20 78 1
21 90 1
16 76 1
9 53 1
45 98 1
31 64 1
49 230 49
13 92 1
20 250 49
27 61 1
23 89 1
10 70 1
92 252 49
43 77 1
180 32 49
140 33 49
18 60 1
20 71 1
142 88 49
50 218 49
164 12 49
138 70 49
228 227 2147483647
158 90 49
13 100 1
196 37 49
5 72 1
51 234 49
92 236 49
144 27 49
118 69 49
289 288 2147483647
122 68 49
23 210 49
130 80 49
39 262 49
6 74 1
41 282 49
48 56 1
35 85 1
196 8 49
71 248 49
156 16 49
182 57 49
246 245 2147483647
20 52 1
8 89 1
68 288 49
7 278 49
63 260 49
72 2 49
21 84 1
29 57 1
138 65 49
6 96 1
168 7 49
72 256 49
132 46 49
11 85 1
194 69 49
38 58 1
24 58 1
79 292 49
146 55 49
60 264 49
112 20 49
68 248 49
80 272 49
41 82 1
160 3 49
104 26 49
138 87 49
82 204 49
83 212 49
158 89 49
33 64 1
36 254 49
108 37 49
14 83 1
9 262 49
45 62 1
68 276 49
50 80 1
13 250 49
8 278 49
168 17 49
142 79 49
186 80 49
199 198 2147483647
166 58 49
97 276 49
3 84 1
25 97 1
48 61 1
44 60 1
97 244 49
49 90 1
106 77 49
99 220 49
83 276 49
33 246 49
28 94 1
46 63 1
176 44 49
33 85 1
152 36 49
192 25 49
50 286 49
114 63 49
28 206 49
26 214 49
83 264 49
32 59 1
27 85 1
134 83 49
29 286 49
34 250 49
144 13 49
108 47 49
6 238 49
71 256 49
22 73 1
154 78 49
116 47 49
43 72 1
136 42 49
17 258 49
30 75 1
18 58 1
23 214 49
100 256 49
164 39 49
178 66 49
14 91 1
130 93 49
188 6 49
44 63 1
31 79 1
33 94 1
22 99 1
37 75 1
104 7 49
7 64 1
90 208 49
18 78 1
172 35 49
12 282 49
28 73 1
14 89 1
19 286 49
108 14 49
136 3 49
62 232 49
178 57 49
36 91 1
51 214 49
156 50 49
166 55 49
1 18 49
28 82 1
30 71 1
1 16 49
54 276 49
39 198 49
23 88 1
87 240 49
29 53 1
180 41 49
16 198 49
186 52 49
73 224 49
93 216 49
158 77 49
16 282 49
42 97 1
238 237 2147483647
82 212 49
27 206 49
116 38 49
76 252 49
192 29 49
91 236 49
12 79 1
17 230 49
33 78 1
25 206 49
45 88 1
6 202 49
76 248 49
33 250 49
160 6 49
21 75 1
59 256 49
26 95 1
62 228 49
70 264 49
42 85 1
43 282 49
4 254 49
120 19 49
160 23 49
32 78 1
180 27 49
74 260 49
100 264 49
34 100 1
196 4 49
46 98 1
70 232 49
5 290 49
138 73 49
156 18 49
42 93 1
33 98 1
174 68 49
24 56 1
25 62 1
138 53 49
159 160 2147483647
154 86 49
16 55 1
162 67 49
95 232 49
11 270 49
70 236 49
63 216 49
37 52 1
79 280 49
43 78 1
28 66 1
48 93 1
158 81 49
124 16 49
178 88 49
3 234 49
150 75 49
20 65 1
55 256 49
4 222 49
168 4 49
50 84 1
140 39 49
42 58 1
168 22 49
62 252 49
15 61 1
19 234 49
8 234 49
51 74 1
5 82 1
20 198 49
23 75 1
106 69 49
25 53 1
178 59 49
158 71 49
148 36 49
88 284 49
14 53 1
18 246 49
55 236 49
94 272 49
34 55 1
82 208 49
142 74 49
15 65 1
40 53 1
148 15 49
19 100 1
162 73 49
63 244 49
142 99 49
31 71 1
20 57 1
124 125 2147483647
14 52 1
100 272 49
194 92 49
118 52 49
96 276 49
90 292 49
8 238 49
66 256 49
68 208 49
25 77 1
18 70 1
7 286 49
82 200 49
17 98 1
28 230 49
14 258 49
38 278 49
9 85 1
61 236 49
28 262 49
7 262 49
138 63 49
14 60 1
134 86 49
104 17 49
21 67 1
158 63 49
166 59 49
80 216 49
118 57 49
162 69 49
164 23 49
132 27 49
166 82 49
57 220 49
44 282 49
9 56 1
150 76 49
31 262 49
41 73 1
72 252 49
138 74 49
93 284 49
20 89 1
1 22 49
21 66 1
25 82 1
144 26 49
82 2 49
142 71 49
164 9 49
4 63 1
14 254 49
88 200 49
156 49 49
48 202 49
36 226 49
24 70 1
172 38 49
156 11 49
12 71 1
44 66 1
32 282 49
71 240 49
10 246 49
7 242 49
188 21 49
38 62 1
136 41 49
6 87 1
30 210 49
9 92 1
33 270 49
99 252 49
150 65 49
140 34 49
66 232 49
17 76 1
46 60 1
10 71 1
8 254 49
6 214 49
150 57 49
84 204 49
130 57 49
126 93 49
168 8 49
98 256 49
69 212 49
49 206 49
50 89 1
40 206 49
154 60 49
10 68 1
14 218 49
140 141 2147483647
112 36 49
182 86 49
16 54 1
69 216 49
46 70 1
49 95 1
38 97 1
36 89 1
138 86 49
95 264 49
85 228 49
12 66 1
15 222 49
176 4 49
11 78 1
23 230 49
71 224 49
38 238 49
73 232 49
22 88 1
21 97 1
9 78 1
13 76 1
51 73 1
54 204 49
148 5 49
78 236 49
192 48 49
162 84 49
6 242 49
16 83 1
76 208 49
37 82 1
38 202 49
30 238 49
166 54 49
184 25 49
164 43 49
34 94 1
19 75 1
51 83 1
45 73 1
132 21 49
88 208 49
106 72 49
192 36 49
48 100 1
51 270 49
32 198 49
27 86 1
21 56 1
35 100 1
78 268 49
10 226 49
128 23 49
30 72 1
16 100 1
112 42 49
102 60 49
148 21 49
16 290 49
15 96 1
148 38 49
85 244 49
35 214 49
106 54 49
13 78 1
97 260 49
118 59 49
62 220 49
126 54 49
62 284 49
6 52 1
79 200 49
15 97 1
126 127 2147483647
29 74 1
16 80 1
3 64 1
30 67 1
154 85 49
15 79 1
67 248 49
24 226 49
47 86 1
17 68 1
114 90 49
71 288 49
64 256 49
39 218 49
34 282 49
174 63 49
31 270 49
104 48 49
104 12 49
188 23 49
51 222 49
134 75 49
116 117 2147483647
40 67 1
52 260 49
23 77 1
37 59 1
30 218 49
196 30 49
60 292 49
15 67 1
138 78 49
128 18 49
70 248 49
203 202 2147483647
1 17 49
24 100 1
179 180 2147483647
45 82 1
132 50 49
164 38 49
18 99 1
38 214 49
74 264 49
136 25 49
24 74 1
112 37 49
74 272 49
39 60 1
10 80 1
152 28 49
128 30 49
53 248 49
188 44 49
33 210 49
130 99 49
19 88 1
110 100 49
122 96 49
4 242 49
172 31 49
6 274 49
45 96 1
196 35 49
128 32 49
64 268 49
13 84 1
18 198 49
7 100 1
65 212 49
144 32 49
13 82 1
186 93 49
57 268 49
13 87 1
120 41 49
174 92 49
128 34 49
39 100 1
24 250 49
1 29 49
63 224 49
49 60 1
152 26 49
31 84 1
51 69 1
13 222 49
31 222 49
23 246 49
186 85 49
12 234 49
96 256 49
20 69 1
122 53 49
124 28 49
48 67 1
22 68 1
27 282 49
52 252 49
192 4 49
180 47 49
73 212 49
190 72 49
11 92 1
26 65 1
160 12 49
38 290 49
11 75 1
55 288 49
21 89 1
140 26 49
40 270 49
45 274 49
24 63 1
25 266 49
36 53 1
48 98 1
106 94 49
12 218 49
180 35 49
29 63 1
32 286 49
12 258 49
190 96 49
30 88 1
102 85 49
49 66 1
20 70 1
18 82 1
188 13 49
96 244 49
37 89 1
41 67 1
47 83 1
46 55 1
114 54 49
46 95 1
53 204 49
50 246 49
116 9 49
128 19 49
5 210 49
112 21 49
99 244 49
39 68 1
61 252 49
120 13 49
17 54 1
50 62 1
40 222 49
110 111 2147483647
46 94 1
46 202 49
27 54 1
3 286 49
16 69 1
9 54 1
4 88 1
57 212 49
50 93 1
146 94 49
172 32 49
17 79 1
92 268 49
76 204 49
68 224 49
49 80 1
17 85 1
114 58 49
160 40 49
1 4 49
60 200 49
18 202 49
17 270 49
136 32 49
11 282 49
134 68 49
4 75 1
106 91 49
38 75 1
38 70 1
7 69 1
92 224 49
22 198 49
31 52 1
19 198 49
36 262 49
63 236 49
174 55 49
21 242 49
7 250 49
27 55 1
142 89 49
146 79 49
51 61 1
31 82 1
29 70 1
46 87 1
25 286 49
32 206 49
264 263 2147483647
93 268 49
248 247 2147483647
3 57 1
34 274 49
23 94 1
18 266 49
25 274 49
49 218 49
66 240 49
26 290 49
3 52 1
97 252 49
71 268 49
33 86 1
184 43 49
168 15 49
170 92 49
190 70 49
15 84 1
11 73 1
45 286 49
43 262 49
26 262 49
21 70 1
44 81 1
92 264 49
3 60 1
18 87 1
90 272 49
16 81 1
49 96 1
182 66 49
102 63 49
60 220 49
20 262 49
30 81 1
58 2 49
31 266 49
7 87 1
41 93 1
49 234 49
65 248 49
49 54 1
96 220 49
24 79 1
23 242 49
108 48 49
51 98 1
36 246 49
16 254 49
158 55 49
44 92 1
102 87 49
22 100 1
170 74 49
122 91 49
138 54 49
12 97 1
27 64 1
20 218 49
90 280 49
118 74 49
88 220 49
158 97 49
162 63 49
39 258 49
31 58 1
174 62 49
14 82 1
186 86 49
132 40 49
37 73 1
3 89 1
190 64 49
31 89 1
39 72 1
5 73 1
1 44 49
54 264 49
94 260 49
10 254 49
21 254 49
42 77 1
180 26 49
45 72 1
158 100 49
156 40 49
132 38 49
128 8 49
50 70 1
43 55 1
170 100 49
154 64 49
4 250 49
11 206 49
43 52 1
39 90 1
3 77 1
4 262 49
118 97 49
41 94 1
31 90 1
96 228 49
92 248 49
116 12 49
47 77 1
158 62 49
142 62 49
176 49 49
6 58 1
128 29 49
25 68 1
71 264 49
192 3 49
111 112 2147483647
47 66 1
24 71 1
11 71 1
94 252 49
3 91 1
4 62 1
38 86 1
148 39 49
37 69 1
114 94 49
122 59 49
25 278 49
132 41 49
134 95 49
134 100 49
290 289 2147483647
192 37 49
52 224 49
10 60 1
17 238 49
257 256 2147483647
150 97 49
40 76 1
49 282 49
17 254 49
92 200 49
18 254 49
100 240 49
35 79 1
15 262 49
102 71 49
102 91 49
30 270 49
5 242 49
17 278 49
162 66 49
51 286 49
18 210 49
14 210 49
132 28 49
96 272 49
49 97 1
22 60 1
3 282 49
146 83 49
44 91 1
33 202 49
12 56 1
18 86 1
40 83 1
106 56 49
5 93 1
104 3 49
20 84 1
86 248 49
29 270 49
74 232 49
26 88 1
21 64 1
5 62 1
129 130 2147483647
192 34 49
43 274 49
98 248 49
41 68 1
61 244 49
124 46 49
144 24 49
260 259 2147483647
78 248 49
29 226 49
108 45 49
37 282 49
16 75 1
78 272 49
192 20 49
140 31 49
46 214 49
19 270 49
180 4 49
104 32 49
148 11 49
168 44 49
108 40 49
66 248 49
1 34 49
19 55 1
38 55 1
102 90 49
29 76 1
70 256 49
4 92 1
172 44 49
36 242 49
152 9 49
182 99 49
184 35 49
6 56 1
48 226 49
39 75 1
138 79 49
93 240 49
23 91 1
172 45 49
23 97 1
136 5 49
21 57 1
17 56 1
24 246 49
11 60 1
148 30 49
49 87 1
48 242 49
108 23 49
120 38 49
92 260 49
114 99 49
86 208 49
128 21 49
39 81 1
3 55 1
7 88 1
128 11 49
16 266 49
96 2 49
148 22 49
66 204 49
180 20 49
227 226 2147483647
133 134 2147483647
142 81 49
20 55 1
55 220 49
61 256 49
35 250 49
95 216 49
148 6 49
27 73 1
7 62 1
35 61 1
37 92 1
7 270 49
130 131 2147483647
23 60 1
6 99 1
51 230 49
97 280 49
172 14 49
85 232 49
15 89 1
3 254 49
62 2 49
40 278 49
22 59 1
196 50 49
148 13 49
75 236 49
118 119 2147483647
36 56 1
63 248 49
44 71 1
47 93 1
188 45 49
50 90 1
47 274 49
32 258 49
79 232 49
6 254 49
13 74 1
8 64 1
49 246 49
196 17 49
36 88 1
190 57 49
158 69 49
29 62 1
37 77 1
48 274 49
87 244 49
35 52 1
85 2 49
128 12 49
142 66 49
45 95 1
15 242 49
140 32 49
174 59 49
184 11 49
41 246 49
15 230 49
13 214 49
45 250 49
72 232 49
21 96 1
21 58 1
54 236 49
8 60 1
23 57 1
51 262 49
38 246 49
118 82 49
26 69 1
26 87 1
34 53 1
160 24 49
180 181 2147483647
178 93 49
87 228 49
45 230 49
51 52 1
36 68 1
112 18 49
126 69 49
26 226 49
194 76 49
116 11 49
122 92 49
4 64 1
81 256 49
10 99 1
30 65 1
150 151 2147483647
130 83 49
132 32 49
146 67 49
174 91 49
184 23 49
42 69 1
116 29 49
15 99 1
136 19 49
62 212 49
55 284 49
9 202 49
15 278 49
97 272 49
118 55 49
27 82 1
8 73 1
130 53 49
130 97 49
110 98 49
80 212 49
36 266 49
22 70 1
29 258 49
28 61 1
16 59 1
47 58 1
94 248 49
4 70 1
142 98 49
97 232 49
168 169 2147483647
138 62 49
184 46 49
122 69 49
65 260 49
52 228 49
41 85 1
114 95 49
156 7 49
150 93 49
20 98 1
180 30 49
41 95 1
70 244 49
17 97 1
180 22 49
182 100 49
33 54 1
11 66 1
80 268 49
18 77 1
46 73 1
108 17 49
182 74 49
48 79 1
32 238 49
53 276 49
176 39 49
134 65 49
40 71 1
144 16 49
45 270 49
186 77 49
43 60 1
26 230 49
19 69 1
54 200 49
114 52 49
128 129 2147483647
76 2 49
38 250 49
132 30 49
37 206 49
69 252 49
162 80 49
14 282 49
19 78 1
50 262 49
63 268 49
91 208 49
41 98 1
37 86 1
180 24 49
99 284 49
102 68 49
23 61 1
182 62 49
180 37 49
17 75 1
43 58 1
166 87 49
68 272 49
15 282 49
192 50 49
110 70 49
8 266 49
4 86 1
49 254 49
116 27 49
14 278 49
193 194 2147483647
170 86 49
16 85 1
178 72 49
12 83 1
174 72 49
148 3 49
80 240 49
114 84 49
83 284 49
35 76 1
269 268 2147483647
108 19 49
25 202 49
26 94 1
9 246 49
34 52 1
91 240 49
94 256 49
43 68 1
194 83 49
138 61 49
17 55 1
7 68 1
108 11 49
36 90 1
50 85 1
7 99 1
7 70 1
184 22 49
70 224 49
168 3 49
138 80 49
166 94 49
8 62 1
97 200 49
50 91 1
96 248 49
11 76 1
59 2 49
17 53 1
37 81 1
22 55 1
58 248 49
140 47 49
16 82 1
164 31 49
50 214 49
102 96 49
144 48 49
33 214 49
35 83 1
45 67 1
188 7 49
124 3 49
194 72 49
4 93 1
142 72 49
59 264 49
116 23 49
118 95 49
184 36 49
136 14 49
14 290 49
51 72 1
156 8 49
18 222 49
31 74 1
140 24 49
59 284 49
6 61 1
70 240 49
192 51 49
124 33 49
196 9 49
132 14 49
44 70 1
80 208 49
196 22 49
30 74 1
20 63 1
11 226 49
192 27 49
50 270 49
38 79 1
62 236 49
106 64 49
48 214 49
47 84 1
178 85 49
14 206 49
67 260 49
91 228 49
20 58 1
55 240 49
110 60 49
34 68 1
52 220 49
47 73 1
54 2 49
134 91 49
61 240 49
45 198 49
156 22 49
144 11 49
37 95 1
41 59 1
54 256 49
172 50 49
156 38 49
43 92 1
84 260 49
26 84 1
23 286 49
120 45 49
49 82 1
16 58 1
23 202 49
50 230 49
29 78 1
14 69 1
94 288 49
119 120 2147483647
1 35 49
50 57 1
38 82 1
104 18 49
36 210 49
35 63 1
72 216 49
176 37 49
104 11 49
87 212 49
31 278 49
114 96 49
134 82 49
9 95 1
112 16 49
99 216 49
3 63 1
33 52 1
16 62 1
186 68 49
32 83 1
106 66 49
8 66 1
14 85 1
49 88 1
152 46 49
172 6 49
51 77 1
190 63 49
172 36 49
14 70 1
128 42 49
97 2 49
40 96 1
38 65 1
44 286 49
99 288 49
32 58 1
28 83 1
77 284 49
152 4 49
81 220 49
17 63 1
90 236 49
21 238 49
33 290 49
194 89 49
14 234 49
134 135 2147483647
98 280 49
35 91 1
4 79 1
84 216 49
41 57 1
196 39 49
58 232 49
192 16 49
93 244 49
26 68 1
41 286 49
12 60 1
142 97 49
112 28 49
69 200 49
41 238 49
15 246 49
37 274 49
17 58 1
30 230 49
44 246 49
68 232 49
32 72 1
174 52 49
28 63 1
10 65 1
10 88 1
25 290 49
97 236 49
7 266 49
100 200 49
16 262 49
22 290 49
184 4 49
41 202 49
33 99 1
10 78 1
168 27 49
162 88 49
51 91 1
21 246 49
37 234 49
97 212 49
75 284 49
13 63 1
52 232 49
24 210 49
94 2 49
78 264 49
36 75 1
15 78 1
13 91 1
29 80 1
166 57 49
124 43 49
196 41 49
36 86 1
192 24 49
96 264 49
39 76 1
69 244 49
29 278 49
26 64 1
184 47 49
14 238 49
4 198 49
23 56 1
132 37 49
28 99 1
55 272 49
15 70 1
36 282 49
11 74 1
116 49 49
39 52 1
166 66 49
15 69 1
40 63 1
158 98 49
45 210 49
45 65 1
26 72 1
190 92 49
140 5 49
14 67 1
160 4 49
32 254 49
108 33 49
5 75 1
79 268 49
25 262 49
162 92 49
20 67 1
16 92 1
43 83 1
17 84 1
16 238 49
61 224 49
11 93 1
18 96 1
28 226 49
61 280 49
146 78 49
22 242 49
45 61 1
142 96 49
18 68 1
48 88 1
14 250 49
273 272 2147483647
56 248 49
29 246 49
170 90 49
24 75 1
42 53 1
12 52 1
186 88 49
144 25 49
106 96 49
47 64 1
13 218 49
18 218 49
34 84 1
15 66 1
41 79 1
25 270 49
13 94 1
36 230 49
10 89 1
237 236 2147483647
52 200 49
180 44 49
48 65 1
23 282 49
35 58 1
29 72 1
146 68 49
5 54 1
22 80 1
158 53 49
32 202 49
126 75 49
34 59 1
37 64 1
19 94 1
37 66 1
69 256 49
3 70 1
12 226 49
146 80 49
190 59 49
192 47 49
132 17 49
34 226 49
170 85 49
30 214 49
194 87 49
12 93 1
176 33 49
91 268 49
180 7 49
108 44 49
124 22 49
142 90 49
28 57 1
46 97 1
23 258 49
35 66 1
94 232 49
162 97 49
30 59 1
280 279 2147483647
29 290 49
5 83 1
40 238 49
5 58 1
13 202 49
36 62 1
6 234 49
4 97 1
47 90 1
99 272 49
12 210 49
126 94 49
27 57 1
16 77 1
186 81 49
69 260 49
29 100 1
7 77 1
168 43 49
28 81 1
190 100 49
22 238 49
126 68 49
122 98 49
33 88 1
34 64 1
96 240 49
57 216 49
28 54 1
22 62 1
150 87 49
78 208 49
63 2 49
12 286 49
55 228 49
186 87 49
98 260 49
53 272 49
120 51 49
30 90 1
152 51 49
15 77 1
30 290 49
186 69 49
77 272 49
128 4 49
5 68 1
75 208 49
1 45 49
42 75 1
186 96 49
124 13 49
75 288 49
35 93 1
144 14 49
152 22 49
70 208 49
130 76 49
106 58 49
26 79 1
39 74 1
170 78 49
166 80 49
39 69 1
82 216 49
35 290 49
46 62 1
44 226 49
28 55 1
7 89 1
3 82 1
154 58 49
27 93 1
164 48 49
11 210 49
34 218 49
146 92 49
150 77 49
87 292 49
35 99 1
190 94 49
100 224 49
49 274 49
25 96 1
104 44 49
192 28 49
108 49 49
132 9 49
18 100 1
82 256 49
8 65 1
62 256 49
136 24 49
21 72 1
69 2 49
29 81 1
19 92 1
54 268 49
160 43 49
6 210 49
54 292 49
77 220 49
16 222 49
46 218 49
188 8 49
19 61 1
120 10 49
87 268 49
53 220 49
85 268 49
44 77 1
7 234 49
66 2 49
151 152 2147483647
38 87 1
152 21 49
132 49 49
186 187 2147483647
28 80 1
38 94 1
152 34 49
28 93 1
5 84 1
222 221 2147483647
110 52 49
196 18 49
178 83 49
36 234 49
47 226 49
31 56 1
28 86 1
77 232 49
106 73 49
39 85 1
86 260 49
33 79 1
196 21 49
9 69 1
39 53 1
50 76 1
71 276 49
47 89 1
12 85 1
188 30 49
60 284 49
120 26 49
46 234 49
56 280 49
142 80 49
156 26 49
160 13 49
31 258 49
178 90 49
63 276 49
158 94 49
26 86 1
154 84 49
3 74 1
160 37 49
8 77 1
19 85 1
42 82 1
46 58 1
24 61 1
152 19 49
67 280 49
128 17 49
6 68 1
35 90 1
178 58 49
116 4 49
124 9 49
98 232 49
16 250 49
37 266 49
194 90 49
178 62 49
170 77 49
121 122 2147483647
35 258 49
196 10 49
50 74 1
17 87 1
102 69 49
20 61 1
11 230 49
74 224 49
50 99 1
9 90 1
92 256 49
37 70 1
4 246 49
136 38 49
158 80 49
95 244 49
247 246 2147483647
83 256 49
174 175 2147483647
12 69 1
12 270 49
41 56 1
174 99 49
19 258 49
44 87 1
124 34 49
190 97 49
30 60 1
278 277 2147483647
63 232 49
126 61 49
120 36 49
71 220 49
17 210 49
122 61 49
142 76 49
39 66 1
18 242 49
59 280 49
8 270 49
5 88 1
4 96 1
57 224 49
188 5 49
102 97 49
154 81 49
20 270 49
37 60 1
22 57 1
7 282 49
180 25 49
142 58 49
11 242 49
243 242 2147483647
4 278 49
49 68 1
75 220 49
160 47 49
146 77 49
9 88 1
85 264 49
41 234 49
24 86 1
102 64 49
46 238 49
50 210 49
99 260 49
17 222 49
36 222 49
124 6 49
30 82 1
18 97 1
17 91 1
170 54 49
76 220 49
28 270 49
11 83 1
71 280 49
116 50 49
32 52 1
114 73 49
38 88 1
22 87 1
65 252 49
9 63 1
104 38 49
7 93 1
76 224 49
176 43 49
56 288 49
25 87 1
91 264 49
106 60 49
136 13 49
35 238 49
7 222 49
46 258 49
186 70 49
4 274 49
180 34 49
15 90 1
12 76 1
168 33 49
186 67 49
81 232 49
31 53 1
4 210 49
37 242 49
28 89 1
23 206 49
52 2 49
186 78 49
9 58 1
100 2 49
58 224 49
6 262 49
15 94 1
17 286 49
89 256 49
170 55 49
25 99 1
48 95 1
184 21 49
6 83 1
73 280 49
13 83 1
174 53 49
102 88 49
198 197 2147483647
158 70 49
30 99 1
5 87 1
146 90 49
13 246 49
106 80 49
60 288 49
108 9 49
3 230 49
144 8 49
174 82 49
39 282 49
90 224 49
24 90 1
194 88 49
44 53 1
46 72 1
7 82 1
71 228 49
58 276 49
146 71 49
66 272 49
46 64 1
110 69 49
124 48 49
14 95 1
49 262 49
66 228 49
37 97 1
17 95 1
26 266 49
156 48 49
6 206 49
6 85 1
47 96 1
98 284 49
172 40 49
57 248 49
9 222 49
67 204 49
194 67 49
196 42 49
14 61 1
138 83 49
45 56 1
18 206 49
41 198 49
136 33 49
110 77 49
146 70 49
14 65 1
90 200 49
142 143 2147483647
186 91 49
32 60 1
13 270 49
54 220 49
60 228 49
116 45 49
31 98 1
41 92 1
11 266 49
178 81 49
184 19 49
140 27 49
10 96 1
23 86 1
37 74 1
51 82 1
18 61 1
148 10 49
37 90 1
18 75 1
126 86 49
20 92 1
19 82 1
63 220 49
42 79 1
25 64 1
4 60 1
42 266 49
74 204 49
66 288 49
194 63 49
44 270 49
8 93 1
72 284 49
11 234 49
138 52 49
40 198 49
136 45 49
122 123 2147483647
14 93 1
97 292 49
180 29 49
17 250 49
77 248 49
12 64 1
79 272 49
22 91 1
21 87 1
44 254 49
18 282 49
96 200 49
130 88 49
46 290 49
110 73 49
17 234 49
6 98 1
36 72 1
8 230 49
44 234 49
172 24 49
3 93 1
118 75 49
172 5 49
39 290 49
102 82 49
8 84 1
130 81 49
4 226 49
144 31 49
11 70 1
100 216 49
132 45 49
32 62 1
168 51 49
61 228 49
124 12 49
178 68 49
25 61 1
126 91 49
3 85 1
10 87 1
134 66 49
22 258 49
16 66 1
29 79 1
26 278 49
124 10 49
6 86 1
100 236 49
190 79 49
100 208 49
150 52 49
65 288 49
108 20 49
15 72 1
18 226 49
1 43 49
128 15 49
172 27 49
154 87 49
44 210 49
33 286 49
12 70 1
7 78 1
118 68 49
254 253 2147483647
35 70 1
76 212 49
24 59 1
75 228 49
196 34 49
86 252 49
6 59 1
16 202 49
25 230 49
184 49 49
18 98 1
66 280 49
170 70 49
146 85 49
42 214 49
51 66 1
120 121 2147483647
33 95 1
99 228 49
26 202 49
192 13 49
104 39 49
77 252 49
97 224 49
196 19 49
10 56 1
31 68 1
9 87 1
3 79 1
5 226 49
196 23 49
7 90 1
192 31 49
104 19 49
49 62 1
21 282 49
39 92 1
184 39 49
168 32 49
4 57 1
148 27 49
35 74 1
48 71 1
38 84 1
24 93 1
178 65 49
12 96 1
224 223 2147483647
40 70 1
30 86 1
11 87 1
4 55 1
43 270 49
66 224 49
40 86 1
94 224 49
45 66 1
14 80 1
15 250 49
271 270 2147483647
8 246 49
94 200 49
21 81 1
46 83 1
73 284 49
48 66 1
196 25 49
91 260 49
34 90 1
241 240 2147483647
148 14 49
188 41 49
168 13 49
18 84 1
74 216 49
67 220 49
32 65 1
160 22 49
154 83 49
24 98 1
39 86 1
168 20 49
58 284 49
144 19 49
112 31 49
180 10 49
164 3 49
83 220 49
20 206 49
77 200 49
12 57 1
32 79 1
128 39 49
126 71 49
18 79 1
19 91 1
114 70 49
12 202 49
82 288 49
60 276 49
110 59 49
13 85 1
32 226 49
22 71 1
152 35 49
39 70 1
1 24 49
42 95 1
112 19 49
29 93 1
110 72 49
190 89 49
182 79 49
51 246 49
58 204 49
47 242 49
29 88 1
102 54 49
118 53 49
4 66 1
27 71 1
176 5 49
86 276 49
120 25 49
33 71 1
47 61 1
13 234 49
25 72 1
132 11 49
171 172 2147483647
134 96 49
93 280 49
168 35 49
38 258 49
10 61 1
42 274 49
27 56 1
43 61 1
30 98 1
75 216 49
50 59 1
146 86 49
48 198 49
78 240 49
93 292 49
136 10 49
43 69 1
19 206 49
18 65 1
168 45 49
46 274 49
4 74 1
180 28 49
56 272 49
22 282 49
106 84 49
44 75 1
31 86 1
6 270 49
128 25 49
132 26 49
176 15 49
186 58 49
40 246 49
91 212 49
34 214 49
158 159 2147483647
21 55 1
21 95 1
16 286 49
3 90 1
102 95 49
122 77 49
96 284 49
96 232 49
14 77 1
88 244 49
112 47 49
39 97 1
34 97 1
8 282 49
178 179 2147483647
132 35 49
144 5 49
78 216 49
106 85 49
62 216 49
36 99 1
118 80 49
152 50 49
5 238 49
6 258 49
37 62 1
1 37 49
126 82 49
44 222 49
18 89 1
126 73 49
49 52 1
11 96 1
69 240 49
47 206 49
1 50 49
110 71 49
188 38 49
75 276 49
96 236 49
40 266 49
55 212 49
23 74 1
166 93 49
31 60 1
44 68 1
196 32 49
142 82 49
13 93 1
148 25 49
110 84 49
90 260 49
32 86 1
10 290 49
152 17 49
81 292 49
44 83 1
13 81 1
180 18 49
34 262 49
54 224 49
166 98 49
29 274 49
28 286 49
56 240 49
192 38 49
192 33 49
130 77 49
196 49 49
13 206 49
50 96 1
42 210 49
6 79 1
150 69 49
33 66 1
3 87 1
26 74 1
12 100 1
7 238 49
21 86 1
26 83 1
130 74 49
99 224 49
118 66 49
83 260 49
140 7 49
184 13 49
120 4 49
168 28 49
87 264 49
34 89 1
110 61 49
95 272 49
65 292 49
60 240 49
162 68 49
97 220 49
35 54 1
134 69 49
44 238 49
7 226 49
24 85 1
53 2 49
31 246 49
138 84 49
3 210 49
9 74 1
164 16 49
15 59 1
63 256 49
10 214 49
15 198 49
92 272 49
19 77 1
27 210 49
9 65 1
120 29 49
68 268 49
5 89 1
25 55 1
180 3 49
32 94 1
39 62 1
196 20 49
27 95 1
54 260 49
5 250 49
68 212 49
17 57 1
96 260 49
19 66 1
91 200 49
192 6 49
67 208 49
110 54 49
59 252 49
36 97 1
156 10 49
126 63 49
50 83 1
5 77 1
20 60 1
93 220 49
118 60 49
12 87 1
90 248 49
190 52 49
180 31 49
38 90 1
43 98 1
186 53 49
7 73 1
47 81 1
29 64 1
114 76 49
12 274 49
80 280 49
196 16 49
84 232 49
27 76 1
23 72 1
7 66 1
50 242 49
25 76 1
182 91 49
172 29 49
8 70 1
34 95 1
192 18 49
26 85 1
50 202 49
36 92 1
29 94 1
3 68 1
80 252 49
176 20 49
170 75 49
163 164 2147483647
84 2 49
162 77 49
8 80 1
77 224 49
146 64 49
138 98 49
100 244 49
194 58 49
29 54 1
98 244 49
170 76 49
168 31 49
38 68 1
83 280 49
35 94 1
39 63 1
4 72 1
34 96 1
34 71 1
8 57 1
29 68 1
30 54 1
16 270 49
38 69 1
62 272 49
182 63 49
22 84 1
56 256 49
42 258 49
47 53 1
40 97 1
41 242 49
182 97 49
33 74 1
164 27 49
73 244 49
19 80 1
162 79 49
47 98 1
48 70 1
66 268 49
22 92 1
42 84 1
31 80 1
186 57 49
32 55 1
34 79 1
72 236 49
49 286 49
22 76 1
140 16 49
43 234 49
48 54 1
1 51 49
146 60 49
61 276 49
10 258 49
102 73 49
115 116 2147483647
26 62 1
53 260 49
104 33 49
71 236 49
84 208 49
100 228 49
73 272 49
152 11 49
45 94 1
86 236 49
59 268 49
92 220 49
10 92 1
124 20 49
12 82 1
26 73 1
126 81 49
146 56 49
162 96 49
66 236 49
49 98 1
9 86 1
14 68 1
41 76 1
65 264 49
43 88 1
61 2 49
56 244 49
168 30 49
30 63 1
35 82 1
33 266 49
23 81 1
4 238 49
4 87 1
31 87 1
172 28 49
38 262 49
50 222 49
82 224 49
178 82 49
10 278 49
35 69 1
126 74 49
46 61 1
42 278 49
134 74 49
68 264 49
156 25 49
18 64 1
61 264 49
106 59 49
124 30 49
154 96 49
36 83 1
46 75 1
166 70 49
96 288 49
120 15 49
34 83 1
37 226 49
95 240 49
136 34 49
32 99 1
154 57 49
116 14 49
21 92 1
48 282 49
21 69 1
27 270 49
180 51 49
47 71 1
108 5 49
27 77 1
152 8 49
33 90 1
140 22 49
46 80 1
182 72 49
47 92 1
52 256 49
65 272 49
21 91 1
154 90 49
6 92 1
89 2 49
7 79 1
46 92 1
70 276 49
144 42 49
41 270 49
166 52 49
132 29 49
51 84 1
104 49 49
1 3 49
29 60 1
4 234 49
140 17 49
15 98 1
110 68 49
29 266 49
70 2 49
104 51 49
75 200 49
56 2 49
54 248 49
66 208 49
6 91 1
124 32 49
35 230 49
61 232 49
16 79 1
17 70 1
134 90 49
40 214 49
158 82 49
90 212 49
54 228 49
124 24 49
180 5 49
7 258 49
118 85 49
48 58 1
15 56 1
160 45 49
134 72 49
42 242 49
134 63 49
28 88 1
95 200 49
124 27 49
49 202 49
11 290 49
13 286 49
190 67 49
93 252 49
47 210 49
23 274 49
267 266 2147483647
49 70 1
78 280 49
12 254 49
36 85 1
7 67 1
44 202 49
142 78 49
124 7 49
108 3 49
45 238 49
34 80 1
8 72 1
5 69 1
39 202 49
172 17 49
142 87 49
263 262 2147483647
110 74 49
102 65 49
140 3 49
50 95 1
12 75 1
33 218 49
16 91 1
144 145 2147483647
186 79 49
244 243 2147483647
172 21 49
38 89 1
28 71 1
186 90 49
58 240 49
50 88 1
39 57 1
166 72 49
74 256 49
190 55 49
110 65 49
14 86 1
11 99 1
47 54 1
47 91 1
68 240 49
131 132 2147483647
58 216 49
140 48 49
81 264 49
30 69 1
74 200 49
13 62 1
61 212 49
19 250 49
136 4 49
128 36 49
152 30 49
166 84 49
52 212 49
43 238 49
4 202 49
75 248 49
8 74 1
5 94 1
160 33 49
168 29 49
250 249 2147483647
20 80 1
184 41 49
284 283 2147483647
95 248 49
152 27 49
32 95 1
51 63 1
77 268 49
40 262 49
11 97 1
128 27 49
76 264 49
170 67 49
20 62 1
29 58 1
76 228 49
132 47 49
114 69 49
110 90 49
104 25 49
10 86 1
19 242 49
35 98 1
12 62 1
32 85 1
13 72 1
35 206 49
24 218 49
1 21 49
1 39 49
60 212 49
79 288 49
51 254 49
78 204 49
49 77 1
196 5 49
158 84 49
48 68 1
23 290 49
4 71 1
33 73 1
140 21 49
128 5 49
37 61 1
4 99 1
28 222 49
11 250 49
88 260 49
182 60 49
186 55 49
182 94 49
46 282 49
32 77 1
77 280 49
8 68 1
35 73 1
54 232 49
156 34 49
8 71 1
48 60 1
35 246 49
196 24 49
166 89 49
84 200 49
32 80 1
166 79 49
58 200 49
37 63 1
160 41 49
28 56 1
88 272 49
160 27 49
134 59 49
14 90 1
158 56 49
174 80 49
132 31 49
25 81 1
75 264 49
20 93 1
56 228 49
178 94 49
116 26 49
170 95 49
18 69 1
73 276 49
7 274 49
34 266 49
32 57 1
80 228 49
62 200 49
164 5 49
27 92 1
14 71 1
55 252 49
13 226 49
136 47 49
94 264 49
138 71 49
50 98 1
34 88 1
160 14 49
20 59 1
27 70 1
63 284 49
85 200 49
108 7 49
5 67 1
108 12 49
158 99 49
46 226 49
20 56 1
30 250 49
8 97 1
57 284 49
61 200 49
34 246 49
174 61 49
36 82 1
58 256 49
24 77 1
98 220 49
24 262 49
52 248 49
126 84 49
37 72 1
130 61 49
49 91 1
39 56 1
31 206 49
138 100 49
41 62 1
22 286 49
46 206 49
41 66 1
130 72 49
106 87 49
30 70 1
27 96 1
83 288 49
214 213 2147483647
8 58 1
53 224 49
7 60 1
128 50 49
13 60 1
3 290 49
104 42 49
39 55 1
34 61 1
51 57 1
43 254 49
79 260 49
71 232 49
5 76 1
172 7 49
9 214 49
114 82 49
29 96 1
86 280 49
51 65 1
23 64 1
3 76 1
3 206 49
3 214 49
188 34 49
77 204 49
39 214 49
29 210 49
186 99 49
150 99 49
134 77 49
256 255 2147483647
14 230 49
27 52 1
138 69 49
146 88 49
1 101 2147483647
40 61 1
3 95 1
98 204 49
73 292 49
97 240 49
77 264 49
40 94 1
136 11 49
32 234 49
150 67 49
31 76 1
108 4 49
136 50 49
34 82 1
152 13 49
150 62 49
74 268 49
156 20 49
170 61 49
194 75 49
137 138 2147483647
23 254 49
6 73 1
112 45 49
28 92 1
49 226 49
6 78 1
146 63 49
11 89 1
28 70 1
34 76 1
15 62 1
70 228 49
6 64 1
18 92 1
50 69 1
28 59 1
4 61 1
190 85 49
112 35 49
128 7 49
21 98 1
10 98 1
148 32 49
17 92 1
166 62 49
92 216 49
13 68 1
32 290 49
7 214 49
3 218 49
14 56 1
176 27 49
81 252 49
8 86 1
144 28 49
25 67 1
17 62 1
162 87 49
1 42 49
15 60 1
24 94 1
4 290 49
57 208 49
172 42 49
116 34 49
118 89 49
174 84 49
144 7 49
23 238 49
39 79 1
35 234 49
29 95 1
188 49 49
55 268 49
21 73 1
39 84 1
19 290 49
120 3 49
87 280 49
59 208 49
5 57 1
44 79 1
7 74 1
178 97 49
5 64 1
174 87 49
44 258 49
114 93 49
67 256 49
30 254 49
116 3 49
146 72 49
19 278 49
20 77 1
158 65 49
152 153 2147483647
82 232 49
55 292 49
180 6 49
140 15 49
17 61 1
32 76 1
20 258 49
166 88 49
44 242 49
9 68 1
124 42 49
24 254 49
51 266 49
26 54 1
36 258 49
37 94 1
14 58 1
48 250 49
106 75 49
200 199 2147483647
46 52 1
170 87 49
31 100 1
16 98 1
31 66 1
154 72 49
106 79 49
188 32 49
120 14 49
30 96 1
176 7 49
116 43 49
97 248 49
176 30 49
12 238 49
31 99 1
36 52 1
30 202 49
42 73 1
176 19 49
25 95 1
154 62 49
65 204 49
126 55 49
162 52 49
40 91 1
130 85 49
55 200 49
16 88 1
176 29 49
36 218 49
53 252 49
142 73 49
142 56 49
57 288 49
21 61 1
138 92 49
7 54 1
146 81 49
275 274 2147483647
41 87 1
118 93 49
38 71 1
79 220 49
73 236 49
44 278 49
146 93 49
172 13 49
120 28 49
42 282 49
128 3 49
190 58 49
38 98 1
48 286 49
176 26 49
166 68 49
16 97 1
79 2 49
116 5 49
82 284 49
182 87 49
32 92 1
29 82 1
19 67 1
3 100 1
81 200 49
46 278 49
14 97 1
74 280 49
8 218 49
83 208 49
184 29 49
18 67 1
79 276 49
31 91 1
138 64 49
66 244 49
75 256 49
128 37 49
31 83 1
23 76 1
25 71 1
11 55 1
5 60 1
53 212 49
43 73 1
89 268 49
130 69 49
21 202 49
182 80 49
45 86 1
156 28 49
46 81 1
192 30 49
32 88 1
39 278 49
31 62 1
35 266 49
154 61 49
120 31 49
47 222 49
1 8 49
178 96 49
90 276 49
49 76 1
15 64 1
194 79 49
160 46 49
12 78 1
19 222 49
27 290 49
170 56 49
32 278 49
140 30 49
120 18 49
89 272 49
60 248 49
83 228 49
130 70 49
161 162 2147483647
27 67 1
174 77 49
12 95 1
64 208 49
192 46 49
134 97 49
45 246 49
24 84 1
27 100 1
45 84 1
184 16 49
104 50 49
42 89 1
112 5 49
11 53 1
30 58 1
194 53 49
31 250 49
71 272 49
118 94 49
91 216 49
112 39 49
6 54 1
196 47 49
86 268 49
68 252 49
174 70 49
3 66 1
58 252 49
128 24 49
168 5 49
178 54 49
156 30 49
39 238 49
89 220 49
27 63 1
60 272 49
112 48 49
27 91 1
205 204 2147483647
128 20 49
40 95 1
52 280 49
29 250 49
47 290 49
50 206 49
3 88 1
194 57 49
170 83 49
34 66 1
63 208 49
100 212 49
88 2 49
69 204 49
174 88 49
38 73 1
18 286 49
58 244 49
50 54 1
42 52 1
40 74 1
99 200 49
124 37 49
14 87 1
42 90 1
27 258 49
174 85 49
166 67 49
8 53 1
164 40 49
12 91 1
24 52 1
148 18 49
122 94 49
84 280 49
176 35 49
26 77 1
84 288 49
170 63 49
87 260 49
130 60 49
16 87 1
41 100 1
39 61 1
180 19 49
63 280 49
4 59 1
6 76 1
188 36 49
156 32 49
16 71 1
33 53 1
34 62 1
182 54 49
10 57 1
69 248 49
3 270 49
11 278 49
25 74 1
32 91 1
12 77 1
8 56 1
178 60 49
160 19 49
53 240 49
40 82 1
4 91 1
116 13 49
164 36 49
43 64 1
9 96 1
34 72 1
50 63 1
31 55 1
31 78 1
128 49 49
164 10 49
70 280 49
172 37 49
91 256 49
37 67 1
36 69 1
7 81 1
285 284 2147483647
28 290 49
178 99 49
102 86 49
36 95 1
140 29 49
77 288 49
110 87 49
95 276 49
22 98 1
79 248 49
33 77 1
41 80 1
26 63 1
24 286 49
184 8 49
134 94 49
31 286 49
176 10 49
136 22 49
114 72 49
22 274 49
108 29 49
118 61 49
34 60 1
25 79 1
140 10 49
28 242 49
160 17 49
39 91 1
25 86 1
57 256 49
41 58 1
13 89 1
156 51 49
92 240 49
180 36 49
20 83 1
58 264 49
46 254 49
21 68 1
188 3 49
44 84 1
104 46 49
144 34 49
27 65 1
1 5 49
49 65 1
277 276 2147483647
5 61 1
47 238 49
25 214 49
150 98 49
192 39 49
99 276 49
26 89 1
67 228 49
77 244 49
43 100 1
134 79 49
170 59 49
16 274 49
23 87 1
22 230 49
218 217 2147483647
33 242 49
85 224 49
10 81 1
14 266 49
116 7 49
50 61 1
174 57 49
3 250 49
57 292 49
26 82 1
25 90 1
186 89 49
23 54 1
39 89 1
46 54 1
160 15 49
53 200 49
29 218 49
190 62 49
30 57 1
56 200 49
9 270 49
148 7 49
5 97 1
27 198 49
83 204 49
13 230 49
43 89 1
41 290 49
126 92 49
37 76 1
51 78 1
3 61 1
174 79 49
128 38 49
25 218 49
106 92 49
152 5 49
194 100 49
61 288 49
44 54 1
95 236 49
29 87 1
49 222 49
47 218 49
14 79 1
18 85 1
29 75 1
37 214 49
15 88 1
168 10 49
118 83 49
10 270 49
150 73 49
8 98 1
6 250 49
32 64 1
174 54 49
22 206 49
23 95 1
37 65 1
152 7 49
186 95 49
63 288 49
20 88 1
51 53 1
23 270 49
195 196 2147483647
38 74 1
158 57 49
77 2 49
31 282 49
55 224 49
6 286 49
140 18 49
89 208 49
37 218 49
7 86 1
36 63 1
40 87 1
104 34 49
110 89 49
140 37 49
117 118 2147483647
8 222 49
33 62 1
140 49 49
14 73 1
92 288 49
196 45 49
188 12 49
17 266 49
3 94 1
143 144 2147483647
104 37 49
154 54 49
25 66 1
154 70 49
59 220 49
9 97 1
83 236 49
15 81 1
114 91 49
43 82 1
134 60 49
22 56 1
64 216 49
55 232 49
27 84 1
76 240 49
194 62 49
45 226 49
136 28 49
16 78 1
86 228 49
21 198 49
154 89 49
162 71 49
180 11 49
88 248 49
146 147 2147483647
130 91 49
7 97 1
114 98 49
125 126 2147483647
1 38 49
17 72 1
86 200 49
104 47 49
67 288 49
160 50 49
83 272 49
84 248 49
36 60 1
21 218 49
5 71 1
1 41 49
26 91 1
128 13 49
114 65 49
29 84 1
40 64 1
10 230 49
153 154 2147483647
36 270 49
88 236 49
24 68 1
106 67 49
85 208 49
180 42 49
42 100 1
51 100 1
23 99 1
106 83 49
45 258 49
39 246 49
64 236 49
25 89 1
128 41 49
154 155 2147483647
33 100 1
57 260 49
18 76 1
5 246 49
19 246 49
174 93 49
42 98 1
106 71 49
150 54 49
44 64 1
16 246 49
23 96 1
157 158 2147483647
20 81 1
190 84 49
80 224 49
87 220 49
16 86 1
176 21 49
67 268 49
30 286 49
186 73 49
37 93 1
156 23 49
31 72 1
86 204 49
52 292 49
154 100 49
86 220 49
102 53 49
63 228 49
30 278 49
110 67 49
142 91 49
48 234 49
188 9 49
18 94 1
158 75 49
22 52 1
172 18 49
12 58 1
170 99 49
166 96 49
69 272 49
132 18 49
102 78 49
34 85 1
20 68 1
140 42 49
50 82 1
66 284 49
50 97 1
38 274 49
132 36 49
29 65 1
118 88 49
102 70 49
30 246 49
29 234 49
16 84 1
202 201 2147483647
57 232 49
13 69 1
180 23 49
168 36 49
90 252 49
168 12 49
41 258 49
116 25 49
274 273 2147483647
96 252 49
52 204 49
32 82 1
8 206 49
32 262 49
154 76 49
39 206 49
92 228 49
147 148 2147483647
19 63 1
26 78 1
19 90 1
16 214 49
7 202 49
150 100 49
176 42 49
73 204 49
79 224 49
136 37 49
118 92 49
12 250 49
180 48 49
138 75 49
104 36 49
114 55 49
134 93 49
166 100 49
116 10 49
128 47 49
14 242 49
23 266 49
128 6 49
216 215 2147483647
192 5 49
30 89 1
12 55 1
15 258 49
26 96 1
28 52 1
32 84 1
97 204 49
160 28 49
20 214 49
20 274 49
10 79 1
40 52 1
20 72 1
190 81 49
64 228 49
21 286 49
110 79 49
11 65 1
166 53 49
46 270 49
27 246 49
70 252 49
140 46 49
182 68 49
108 15 49
12 262 49
160 21 49
130 71 49
51 93 1
61 216 49
50 72 1
74 2 49
14 74 1
7 85 1
38 57 1
42 78 1
182 71 49
164 6 49
44 250 49
46 230 49
132 7 49
148 29 49
37 57 1
6 82 1
118 65 49
36 57 1
17 94 1
49 290 49
5 206 49
47 250 49
164 45 49
12 61 1
184 3 49
33 282 49
79 240 49
37 286 49
170 79 49
9 254 49
56 224 49
104 16 49
72 276 49
17 83 1
188 14 49
70 212 49
99 212 49
5 198 49
86 288 49
39 270 49
124 40 49
11 58 1
35 53 1
51 71 1
22 214 49
64 276 49
50 81 1
158 91 49
44 62 1
40 98 1
45 64 1
194 61 49
36 93 1
154 92 49
51 238 49
170 52 49
48 59 1
83 268 49
35 64 1
81 228 49
41 262 49
22 79 1
239 238 2147483647
150 55 49
106 61 49
184 50 49
87 252 49
26 81 1
164 25 49
35 84 1
136 29 49
18 71 1
15 210 49
128 46 49
122 70 49
21 77 1
27 62 1
20 266 49
106 88 49
75 252 49
38 100 1
68 256 49
39 210 49
194 93 49
236 235 2147483647
43 90 1
172 33 49
142 84 49
11 258 49
38 282 49
50 278 49
69 284 49
144 6 49
50 226 49
178 56 49
19 57 1
132 39 49
104 23 49
3 258 49
27 83 1
17 66 1
164 4 49
96 208 49
34 242 49
92 208 49
10 59 1
188 20 49
80 260 49
144 15 49
110 91 49
27 90 1
85 216 49
97 264 49
67 264 49
8 214 49
176 34 49
48 238 49
42 86 1
142 69 49
172 25 49
50 79 1
148 42 49
146 53 49
48 78 1
176 32 49
186 76 49
39 54 1
14 64 1
48 52 1
24 64 1
23 92 1
258 257 2147483647
120 49 49
144 49 49
23 90 1
110 97 49
47 202 49
132 8 49
10 97 1
158 86 49
69 224 49
20 282 49
40 226 49
93 260 49
48 97 1
97 268 49
89 292 49
190 78 49
58 280 49
106 82 49
22 69 1
196 13 49
184 40 49
40 80 1
73 220 49
38 85 1
130 54 49
73 252 49
36 290 49
152 37 49
42 250 49
26 70 1
27 226 49
114 74 49
23 93 1
192 10 49
5 56 1
34 238 49
73 216 49
77 228 49
15 206 49
7 206 49
25 58 1
35 62 1
65 284 49
120 27 49
37 58 1
114 85 49
27 79 1
106 93 49
116 19 49
43 226 49
138 57 49
142 83 49
43 84 1
63 200 49
180 21 49
102 75 49
24 278 49
37 230 49
50 258 49
57 276 49
98 240 49
49 83 1
28 84 1
9 81 1
12 86 1
21 76 1
7 63 1
43 99 1
37 99 1
41 274 49
64 2 49
50 73 1
166 69 49
112 46 49
50 56 1
142 54 49
49 89 1
100 252 49
9 66 1
48 86 1
190 74 49
37 202 49
98 288 49
170 89 49
36 198 49
128 31 49
33 97 1
21 88 1
48 57 1
172 41 49
45 78 1
80 264 49
25 60 1
36 74 1
85 204 49
184 44 49
90 232 49
182 58 49
120 22 49
146 99 49
178 89 49
152 24 49
25 210 49
192 45 49
142 70 49
46 79 1
69 276 49
35 56 1
16 210 49
6 57 1
70 292 49
110 55 49
77 236 49
180 49 49
136 21 49
186 59 49
51 290 49
41 74 1
174 76 49
188 51 49
7 71 1
144 41 49
4 58 1
116 35 49
62 260 49
132 48 49
95 208 49
30 73 1
162 82 49
17 198 49
120 48 49
56 268 49
164 34 49
114 81 49
21 266 49
116 36 49
194 77 49
156 17 49
41 97 1
182 98 49
110 57 49
73 248 49
124 41 49
69 268 49
186 72 49
25 91 1
18 278 49
46 210 49
48 85 1
190 77 49
75 280 49
42 286 49
99 256 49
88 212 49
130 52 49
4 286 49
12 84 1
3 67 1
13 57 1
112 22 49
22 85 1
43 242 49
20 94 1
136 43 49
9 52 1
26 198 49
60 232 49
43 218 49
43 93 1
154 74 49
172 12 49
182 52 49
182 59 49
36 96 1
128 45 49
110 96 49
10 90 1
27 59 1
174 90 49
106 74 49
18 88 1
48 222 49
49 85 1
51 250 49
1 15 49
41 210 49
25 254 49
43 86 1
182 183 2147483647
188 15 49
22 202 49
33 56 1
48 80 1
45 290 49
132 6 49
156 15 49
85 212 49
25 85 1
146 66 49
23 78 1
39 95 1
182 93 49
25 63 1
122 73 49
19 93 1
46 69 1
36 54 1
30 80 1
48 266 49
178 76 49
9 94 1
160 34 49
51 282 49
48 77 1
75 244 49
138 90 49
178 95 49
31 210 49
150 95 49
54 208 49
7 52 1
35 77 1
74 252 49
28 91 1
156 157 2147483647
51 75 1
37 79 1
164 29 49
60 244 49
65 200 49
158 76 49
132 16 49
126 96 49
37 71 1
5 262 49
12 98 1
112 17 49
27 214 49
35 80 1
160 35 49
72 248 49
16 53 1
46 242 49
1 20 49
42 65 1
128 40 49
100 276 49
19 72 1
56 260 49
64 232 49
150 84 49
180 8 49
110 83 49
48 270 49
41 90 1
60 268 49
49 57 1
33 84 1
148 19 49
192 43 49
76 268 49
40 81 1
24 274 49
272 271 2147483647
19 59 1
89 224 49
91 280 49
186 66 49
49 238 49
48 92 1
42 57 1
67 272 49
136 8 49
168 14 49
4 84 1
84 264 49
71 216 49
128 10 49
178 87 49
73 240 49
33 89 1
38 266 49
184 48 49
14 88 1
112 40 49
141 142 2147483647
99 268 49
49 86 1
124 47 49
152 6 49
40 286 49
54 212 49
57 244 49
24 87 1
223 222 2147483647
14 75 1
186 82 49
33 274 49
130 87 49
31 73 1
9 55 1
116 16 49
89 276 49
138 82 49
48 82 1
144 51 49
1 26 49
144 4 49
176 17 49
28 85 1
1 33 49
168 21 49
48 74 1
144 29 49
9 258 49
154 53 49
69 280 49
65 256 49
28 274 49
37 54 1
55 280 49
51 87 1
168 40 49
124 18 49
7 246 49
78 252 49
58 268 49
25 100 1
82 252 49
30 55 1
46 86 1
162 58 49
188 4 49
78 200 49
104 43 49
88 232 49
32 75 1
42 54 1
194 86 49
108 25 49
118 84 49
134 53 49
172 22 49
15 214 49
35 65 1
138 58 49
48 69 1
26 61 1
162 90 49
283 282 2147483647
40 77 1
138 89 49
3 81 1
48 246 49
50 254 49
74 212 49
37 85 1
80 220 49
24 282 49
45 242 49
34 77 1
82 236 49
84 228 49
116 44 49
130 55 49
33 75 1
40 58 1
60 224 49
94 292 49
33 83 1
70 272 49
45 206 49
30 91 1
17 60 1
32 53 1
104 27 49
160 26 49
31 67 1
8 87 1
41 214 49
146 100 49
114 79 49
116 42 49
134 84 49
89 248 49
26 52 1
40 55 1
43 79 1
28 218 49
82 276 49
21 79 1
150 94 49
15 54 1
126 72 49
130 96 49
30 226 49
160 32 49
3 278 49
194 60 49
82 292 49
44 274 49
5 55 1
8 81 1
164 22 49
148 149 2147483647
152 20 49
79 216 49
53 288 49
17 73 1
182 73 49
180 15 49
5 234 49
26 60 1
8 96 1
51 198 49
184 37 49
27 250 49
33 55 1
43 278 49
150 70 49
10 84 1
45 71 1
67 240 49
89 240 49
44 218 49
44 82 1
136 20 49
84 276 49
39 234 49
73 200 49
282 281 2147483647
26 76 1
95 212 49
130 95 49
34 81 1
48 55 1
120 16 49
106 53 49
50 58 1
30 66 1
168 48 49
114 71 49
176 8 49
156 42 49
108 43 49
54 244 49
11 68 1
174 69 49
6 198 49
48 258 49
170 80 49
13 61 1
172 11 49
130 65 49
27 242 49
16 52 1
130 89 49
14 100 1
17 214 49
66 260 49
29 222 49
51 64 1
148 34 49
107 108 2147483647
42 230 49
112 8 49
51 56 1
108 28 49
110 64 49
4 214 49
22 83 1
49 250 49
5 74 1
18 262 49
192 40 49
37 258 49
124 23 49
22 66 1
33 254 49
36 100 1
56 220 49
40 79 1
57 236 49
124 36 49
12 59 1
33 278 49
38 77 1
6 84 1
146 98 49
30 206 49
27 97 1
100 268 49
77 216 49
30 92 1
49 72 1
126 99 49
19 238 49
51 62 1
62 292 49
43 76 1
160 20 49
1 23 49
27 286 49
20 85 1
28 79 1
146 75 49
106 65 49
36 61 1
138 67 49
41 70 1
10 72 1
8 210 49
184 38 49
182 92 49
192 23 49
32 274 49
22 63 1
46 85 1
41 89 1
4 282 49
166 63 49
32 90 1
172 9 49
108 6 49
84 220 49
34 254 49
44 76 1
106 95 49
130 64 49
28 77 1
35 278 49
9 64 1
102 81 49
126 56 49
57 2 49
102 92 49
50 266 49
122 80 49
61 248 49
45 87 1
190 76 49
71 284 49
97 216 49
13 71 1
66 252 49
118 73 49
13 56 1
55 264 49
154 56 49
106 55 49
38 67 1
27 80 1
170 72 49
28 67 1
104 105 2147483647
28 64 1
47 246 49
44 214 49
164 18 49
21 78 1
20 82 1
168 25 49
5 78 1
176 22 49
47 282 49
190 80 49
21 71 1
29 254 49
92 204 49
104 40 49
190 56 49
114 100 49
23 226 49
93 200 49
10 93 1
160 38 49
176 13 49
99 264 49
74 292 49
106 57 49
5 270 49
51 210 49
36 206 49
24 242 49
4 69 1
6 62 1
42 222 49
104 30 49
178 92 49
39 67 1
164 44 49
19 98 1
81 276 49
43 54 1
59 276 49
14 92 1
196 43 49
154 99 49
84 256 49
142 85 49
15 82 1
65 208 49
16 68 1
39 73 1
122 82 49
73 288 49
46 262 49
178 53 49
13 274 49
30 64 1
142 60 49
24 89 1
49 55 1
5 92 1
38 72 1
24 83 1
58 228 49
47 214 49
80 276 49
51 274 49
114 53 49
49 73 1
144 12 49
88 216 49
48 75 1
32 100 1
57 272 49
94 212 49
6 266 49
9 100 1
5 96 1
49 94 1
182 90 49
34 91 1
5 218 49
56 276 49
86 240 49
26 93 1
174 100 49
188 29 49
33 67 1
166 83 49
122 97 49
53 268 49
166 75 49
136 40 49
7 57 1
4 67 1
29 55 1
37 278 49
162 89 49
104 35 49
4 78 1
11 69 1
97 208 49
126 87 49
166 56 49
52 288 49
88 288 49
57 200 49
50 234 49
34 270 49
15 226 49
16 57 1
33 198 49
74 240 49
90 256 49
24 222 49
120 33 49
44 97 1
162 59 49
62 240 49
48 99 1
160 161 2147483647
162 56 49
79 264 49
32 54 1
10 66 1
168 37 49
106 62 49
74 244 49
6 246 49
55 260 49
37 238 49
160 16 49
124 31 49
47 56 1
156 31 49
29 230 49
89 260 49
178 70 49
170 66 49
72 292 49
18 95 1
5 282 49
58 236 49
186 63 49
120 40 49
52 284 49
184 42 49
4 77 1
44 56 1
106 81 49
15 83 1
84 224 49
22 222 49
45 202 49
8 52 1
126 57 49
76 288 49
116 48 49
25 94 1
37 55 1
53 256 49
100 248 49
168 18 49
170 64 49
10 85 1
41 83 1
124 14 49
82 220 49
78 288 49
37 270 49
31 75 1
33 82 1
3 246 49
108 51 49
24 258 49
37 78 1
45 100 1
30 84 1
126 98 49
37 68 1
164 14 49
182 61 49
43 96 1
116 33 49
152 12 49
9 79 1
150 88 49
154 97 49
28 87 1
59 224 49
172 173 2147483647
106 52 49
44 266 49
220 219 2147483647
80 256 49
86 224 49
134 55 49
140 25 49
41 266 49
7 95 1
17 218 49
11 72 1
172 23 49
20 79 1
188 189 2147483647
72 220 49
130 63 49
144 33 49
164 24 49
118 63 49
45 77 1
138 66 49
29 202 49
178 80 49
46 84 1
1 25 49
148 20 49
71 2 49
9 274 49
51 88 1
41 230 49
63 272 49
14 226 49
30 95 1
15 58 1
94 244 49
57 204 49
36 286 49
29 85 1
51 89 1
21 230 49
26 238 49
36 65 1
126 64 49
128 9 49
172 46 49
22 61 1
196 31 49
130 78 49
41 254 49
122 79 49
23 80 1
9 250 49
15 52 1
44 85 1
8 85 1
8 274 49
180 39 49
16 90 1
134 87 49
38 218 49
19 226 49
20 202 49
160 42 49
47 99 1
130 75 49
45 57 1
35 88 1
144 22 49
64 220 49
154 67 49
108 16 49
27 78 1
174 81 49
52 264 49
6 81 1
96 224 49
20 90 1
1 46 49
74 220 49
93 256 49
87 288 49
37 56 1
176 48 49
43 206 49
28 266 49
122 88 49
47 254 49
156 5 49
12 94 1
25 73 1
1 49 49
62 224 49
128 26 49
34 57 1
23 53 1
50 238 49
29 71 1
42 99 1
26 242 49
60 236 49
158 68 49
4 80 1
81 272 49
172 10 49
140 45 49
18 59 1
85 280 49
27 75 1
17 88 1
192 19 49
168 39 49
170 171 2147483647
188 35 49
156 43 49
172 15 49
25 54 1
36 238 49
8 75 1
45 278 49
42 76 1
150 66 49
45 74 1
32 222 49
196 6 49
51 92 1
42 66 1
104 9 49
83 248 49
21 52 1
24 55 1
22 226 49
14 99 1
132 42 49
100 288 49
94 208 49
33 63 1
19 54 1
49 79 1
31 274 49
33 262 49
138 97 49
44 98 1
84 236 49
17 52 1
6 66 1
29 89 1
158 79 49
98 212 49
114 66 49
23 58 1
156 13 49
192 35 49
166 61 49
24 65 1
15 238 49
73 260 49
43 290 49
184 32 49
44 67 1
144 38 49
47 88 1
29 86 1
7 210 49
13 75 1
29 56 1
24 234 49
49 58 1
33 238 49
19 65 1
38 66 1
44 73 1
47 94 1
184 14 49
67 284 49
166 95 49
19 95 1
39 80 1
34 74 1
44 65 1
35 71 1
89 284 49
29 59 1
126 89 49
114 56 49
9 62 1
34 58 1
18 238 49
215 214 2147483647
178 86 49
174 95 49
120 23 49
41 61 1
21 222 49
73 2 49
156 35 49
186 61 49
35 60 1
8 63 1
14 270 49
126 79 49
3 53 1
71 252 49
75 232 49
68 200 49
21 258 49
38 60 1
46 65 1
11 81 1
57 228 49
150 90 49
42 80 1
47 68 1
162 86 49
67 224 49
174 75 49
8 54 1
190 90 49
56 232 49
4 56 1
70 288 49
48 262 49
32 70 1
72 268 49
188 46 49
21 80 1
14 59 1
35 89 1
57 280 49
26 67 1
176 45 49
148 46 49
40 75 1
27 254 49
41 226 49
28 78 1
46 250 49
68 228 49
88 224 49
25 52 1
122 60 49
48 62 1
42 55 1
160 18 49
45 89 1
55 244 49
8 262 49
172 30 49
180 9 49
39 99 1
148 24 49
112 15 49
45 222 49
94 268 49
168 41 49
13 88 1
10 69 1
112 50 49
31 93 1
132 25 49
39 87 1
170 84 49
102 66 49
63 204 49
32 210 49
140 35 49
21 82 1
21 53 1
41 52 1
14 76 1
106 100 49
146 59 49
78 212 49
114 97 49
108 8 49
47 80 1
12 81 1
32 266 49
6 72 1
13 99 1
194 80 49
29 92 1
5 99 1
164 47 49
12 89 1
45 80 1
30 242 49
4 206 49
194 66 49
63 264 49
11 62 1
41 218 49
19 274 49
144 40 49
1 36 49
21 85 1
154 79 49
15 71 1
132 44 49
3 72 1
14 246 49
41 81 1
7 59 1
18 214 49
140 11 49
30 77 1
22 89 1
183 184 2147483647
166 77 49
152 49 49
142 57 49
124 4 49
76 244 49
192 42 49
64 212 49
166 65 49
68 216 49
45 70 1
158 66 49
6 278 49
6 94 1
172 3 49
40 65 1
76 256 49
38 92 1
40 218 49
42 88 1
45 91 1
36 274 49
82 240 49
23 234 49
52 272 49
1 11 49
184 6 49
16 64 1
4 83 1
1 28 49
164 49 49
20 76 1
168 26 49
146 87 49
40 250 49
68 236 49
47 67 1
7 61 1
72 228 49
39 77 1
20 99 1
7 55 1
180 38 49
31 218 49
134 81 49
110 92 49
9 70 1
88 256 49
196 26 49
48 91 1
89 264 49
8 202 49
36 202 49
84 268 49
72 244 49
27 278 49
150 71 49
93 236 49
112 13 49
176 3 49
166 92 49
114 75 49
162 72 49
114 67 49
24 266 49
100 280 49
47 78 1
29 77 1
43 91 1
196 46 49
136 35 49
6 89 1
20 75 1
78 2 49
32 81 1
31 214 49
146 84 49
19 89 1
42 72 1
27 87 1
64 204 49
58 288 49
20 66 1
59 232 49
10 63 1
24 214 49
85 272 49
96 212 49
25 78 1
194 74 49
24 230 49
217 216 2147483647
144 23 49
25 59 1
43 85 1
51 95 1
167 168 2147483647
51 278 49
14 55 1
23 63 1
138 59 49
66 216 49
13 55 1
11 80 1
79 252 49
91 248 49
12 74 1
108 21 49
42 254 49
126 85 49
46 71 1
150 61 49
35 286 49
85 248 49
51 202 49
36 250 49
192 17 49
15 202 49
13 262 49
156 27 49
41 69 1
4 100 1
62 244 49
45 55 1
11 274 49
134 80 49
120 35 49
34 75 1
10 210 49
13 97 1
188 31 49
51 90 1
24 238 49
126 58 49
108 50 49
126 59 49
1 10 49
46 53 1
42 91 1
166 86 49
42 63 1
19 97 1
11 77 1
27 274 49
92 280 49
194 96 49
148 40 49
20 95 1
42 94 1
20 54 1
3 71 1
128 43 49
160 31 49
52 236 49
118 96 49
154 63 49
22 86 1
19 282 49
24 206 49
29 282 49
136 31 49
22 82 1
23 84 1
86 256 49
13 59 1
87 276 49
146 76 49
140 44 49
19 64 1
38 54 1
5 274 49
5 70 1
46 99 1
98 264 49
87 272 49
156 19 49
75 292 49
170 88 49
164 51 49
64 224 49
112 41 49
186 64 49
16 96 1
47 79 1
16 60 1
160 11 49
36 71 1
26 274 49
156 47 49
168 23 49
11 94 1
156 46 49
196 44 49
142 95 49
144 3 49
108 10 49
106 86 49
184 28 49
46 93 1
102 56 49
27 234 49
1 30 49
51 226 49
37 210 49
26 98 1
4 266 49
31 69 1
10 75 1
16 226 49
172 19 49
46 266 49
17 67 1
112 3 49
89 244 49
41 206 49
32 73 1
16 72 1
34 278 49
188 47 49
192 15 49
126 65 49
58 212 49
21 226 49
192 22 49
140 38 49
184 15 49
8 61 1
122 81 49
194 98 49
182 65 49
13 53 1
110 88 49
27 222 49
41 60 1
72 264 49
83 224 49
268 267 2147483647
31 70 1
31 81 1
47 278 49
93 224 49
188 22 49
110 66 49
94 228 49
46 74 1
11 91 1
35 57 1
44 89 1
126 97 49
134 57 49
89 236 49
38 242 49
134 73 49
3 73 1
31 97 1
33 234 49
16 61 1
156 44 49
48 278 49
19 60 1
16 89 1
33 57 1
5 79 1
65 268 49
56 264 49
58 208 49
144 47 49
158 73 49
188 43 49
24 81 1
104 21 49
150 79 49
212 211 2147483647
5 266 49
11 90 1
18 56 1
42 92 1
12 73 1
186 56 49
188 37 49
43 266 49
50 68 1
3 97 1
39 286 49
130 84 49
85 260 49
154 65 49
86 2 49
76 284 49
180 50 49
33 65 1
3 262 49
164 46 49
17 93 1
3 83 1
148 41 49
192 14 49
192 26 49
9 67 1
33 87 1
41 222 49
35 67 1
102 93 49
68 280 49
108 42 49
90 228 49
106 99 49
85 236 49
17 274 49
148 37 49
169 170 2147483647
158 54 49
120 24 49
42 67 1
11 84 1
83 2 49
65 224 49
28 90 1
37 88 1
20 246 49
128 14 49
23 65 1
25 88 1
47 55 1
138 93 49
23 278 49
47 266 49
66 276 49
48 73 1
60 208 49
112 10 49
21 93 1
56 284 49
22 210 49
18 81 1
152 29 49
41 54 1
69 236 49
150 89 49
235 234 2147483647
43 59 1
46 286 49
134 98 49
54 288 49
50 78 1
102 59 49
30 85 1
62 248 49
10 238 49
81 288 49
50 64 1
64 292 49
134 70 49
120 47 49
6 69 1
4 53 1
32 98 1
184 185 2147483647
114 61 49
7 75 1
192 193 2147483647
36 77 1
39 274 49
194 99 49
15 286 49
82 280 49
118 77 49
138 76 49
41 77 1
48 76 1
59 292 49
27 202 49
12 198 49
104 13 49
4 258 49
43 80 1
231 230 2147483647
1 9 49
49 67 1
40 88 1
182 78 49
196 27 49
64 272 49
59 236 49
9 75 1
170 93 49
10 242 49
132 33 49
146 82 49
31 234 49
15 53 1
18 93 1
76 280 49
41 86 1
36 78 1
15 92 1
15 55 1
22 94 1
64 240 49
72 200 49
4 76 1
61 208 49
67 244 49
182 95 49
156 9 49
138 94 49
26 250 49
120 43 49
6 53 1
44 59 1
3 62 1
40 290 49
1 32 49
11 56 1
104 31 49
120 32 49
13 80 1
130 58 49
19 53 1
31 85 1
168 16 49
114 62 49
190 93 49
249 248 2147483647
192 44 49
112 23 49
18 66 1
156 33 49
13 238 49
81 236 49
142 86 49
47 52 1
176 41 49
98 292 49
46 100 1
13 65 1
45 218 49
102 84 49
3 56 1
188 40 49
29 98 1
87 2 49
18 74 1
136 30 49
178 75 49
20 290 49
17 74 1
154 73 49
81 280 49
194 78 49
39 65 1
24 73 1
164 13 49
138 139 2147483647
30 282 49
29 67 1
38 56 1
33 226 49
136 26 49
136 23 49
44 74 1
53 228 49
78 224 49
98 208 49
13 77 1
11 63 1
49 69 1
3 222 49
266 265 2147483647
41 278 49
12 99 1
166 167 2147483647
24 96 1
43 53 1
162 57 49
87 236 49
30 87 1
32 74 1
3 274 49
156 37 49
9 242 49
35 97 1
184 18 49
182 76 49
126 80 49
166 91 49
94 220 49
114 89 49
4 65 1
122 62 49
74 284 49
48 81 1
50 100 1
47 87 1
90 268 49
146 73 49
26 100 1
8 250 49
91 220 49
32 61 1
83 252 49
93 212 49
65 216 49
34 54 1
17 71 1
95 224 49
79 228 49
29 90 1
90 220 49
42 70 1
140 43 49
20 87 1
75 260 49
27 99 1
138 68 49
13 258 49
39 59 1
76 200 49
65 244 49
174 67 49
18 258 49
182 84 49
9 226 49
21 94 1
32 230 49
39 98 1
24 72 1
146 74 49
145 146 2147483647
150 63 49
138 60 49
251 250 2147483647
11 57 1
148 12 49
112 51 49
59 244 49
122 54 49
118 54 49
8 242 49
35 86 1
140 41 49
114 80 49
174 94 49
32 71 1
80 2 49
10 94 1
20 230 49
18 54 1
88 276 49
11 198 49
54 272 49
158 78 49
122 58 49
132 24 49
134 78 49
252 251 2147483647
194 81 49
1 6 49
1 14 49
4 85 1
41 71 1
6 88 1
31 202 49
33 68 1
85 292 49
162 95 49
18 57 1
64 200 49
190 87 49
174 58 49
43 66 1
38 234 49
142 61 49
47 286 49
56 216 49
15 93 1
170 68 49
160 8 49
56 236 49
9 210 49
61 284 49
11 79 1
26 286 49
22 58 1
112 9 49
43 87 1
3 92 1
31 254 49
13 242 49
176 11 49
9 238 49
150 68 49
66 220 49
128 35 49
22 95 1
95 256 49
44 57 1
3 69 1
5 230 49
158 83 49
262 261 2147483647
42 226 49
7 98 1
109 110 2147483647
22 81 1
15 290 49
8 78 1
12 67 1
59 272 49
28 69 1
178 100 49
61 272 49
9 286 49
27 238 49
182 83 49
140 8 49
20 86 1
82 268 49
61 220 49
26 92 1
48 89 1
148 17 49
124 44 49
175 176 2147483647
174 60 49
37 87 1
12 54 1
88 252 49
122 86 49
176 23 49
122 75 49
185 186 2147483647
124 19 49
38 61 1
33 230 49
79 236 49
180 14 49
34 63 1
166 76 49
44 100 1
142 94 49
9 89 1
136 6 49
42 60 1
26 75 1
160 30 49
106 89 49
211 210 2147483647
4 54 1
23 83 1
51 80 1
162 60 49
50 66 1
31 63 1
89 212 49
62 268 49
79 256 49
21 60 1
7 218 49
39 78 1
71 260 49
5 86 1
95 284 49
99 208 49
89 228 49
5 278 49
134 99 49
182 69 49
68 204 49
30 198 49
26 80 1
164 41 49
148 16 49
38 76 1
38 206 49
160 7 49
122 76 49
219 218 2147483647
91 224 49
84 212 49
44 198 49
19 99 1
162 85 49
196 12 49
77 292 49
170 69 49
10 58 1
93 228 49
170 65 49
118 71 49
59 204 49
50 71 1
36 214 49
10 100 1
116 24 49
160 25 49
162 83 49
118 79 49
192 9 49
162 55 49
106 78 49
94 236 49
34 67 1
27 230 49
172 8 49
32 67 1
10 77 1
172 39 49
64 264 49
138 77 49
46 78 1
17 206 49
144 39 49
132 34 49
136 27 49
209 208 2147483647
184 5 49
96 216 49
23 73 1
140 19 49
29 83 1
97 284 49
122 84 49
108 31 49
53 216 49
23 250 49
49 266 49
72 240 49
124 50 49
182 70 49
182 64 49
5 59 1
138 81 49
190 73 49
168 6 49
18 80 1
39 82 1
14 286 49
37 100 1
104 8 49
18 250 49
88 240 49
49 56 1
140 40 49
15 63 1
166 74 49
88 268 49
7 72 1
94 280 49
64 252 49
110 78 49
43 74 1
40 73 1
29 242 49
18 230 49
114 88 49
206 205 2147483647
30 78 1
58 272 49
176 40 49
45 214 49
35 87 1
41 99 1
38 81 1
39 226 49
1 47 49
42 290 49
81 224 49
13 282 49
144 9 49
34 222 49
102 89 49
134 61 49
114 87 49
33 206 49
7 56 1
102 76 49
144 43 49
42 62 1
63 292 49
29 91 1
9 206 49
23 198 49
192 32 49
48 254 49
47 60 1
28 96 1
158 64 49
190 60 49
36 80 1
150 92 49
36 81 1
174 96 49
47 230 49
162 163 2147483647
24 62 1
152 23 49
178 64 49
190 82 49
13 67 1
118 90 49
45 68 1
15 95 1
5 254 49
48 90 1
136 15 49
34 56 1
12 63 1
39 230 49
144 35 49
229 228 2147483647
28 65 1
6 63 1
184 9 49
11 86 1
114 78 49
59 212 49
62 288 49
196 7 49
148 43 49
150 58 49
138 55 49
50 94 1
10 274 49
36 79 1
40 230 49
11 286 49
66 200 49
27 58 1
164 8 49
162 74 49
152 32 49
47 258 49
27 69 1
166 97 49
140 9 49
110 76 49
8 69 1
65 280 49
43 75 1
81 208 49
5 100 1
146 91 49
188 28 49
47 74 1
17 246 49
22 67 1
11 214 49
132 22 49
40 100 1
30 83 1
7 58 1
30 62 1
43 70 1
38 52 1
114 115 2147483647
156 14 49
16 99 1
30 56 1
50 198 49
43 57 1
120 50 49
116 17 49
18 234 49
172 47 49
85 276 49
24 60 1
45 266 49
46 90 1
22 64 1
82 264 49
19 262 49
49 75 1
1 27 49
97 288 49
36 66 1
8 226 49
170 98 49
190 71 49
22 234 49
34 70 1
68 244 49
186 60 49
110 93 49
134 71 49
104 29 49
144 45 49
49 242 49
50 250 49
37 83 1
4 68 1
112 49 49
3 202 49
21 63 1
45 83 1
13 90 1
106 97 49
108 18 49
162 78 49
112 6 49
9 266 49
24 76 1
46 76 1
32 56 1
23 222 49
25 242 49
124 11 49
85 240 49
116 32 49
41 65 1
33 96 1
48 87 1
146 97 49
14 222 49
124 51 49
94 240 49
106 70 49
122 66 49
36 73 1
34 234 49
34 86 1
13 266 49
77 260 49
134 56 49
32 242 49
130 82 49
176 36 49
25 56 1
45 69 1
116 46 49
46 91 1
110 94 49
76 272 49
9 234 49
108 39 49
118 76 49
4 73 1
123 124 2147483647
53 264 49
40 254 49
136 36 49
9 198 49
162 64 49
27 89 1
122 72 49
116 31 49
20 53 1
12 214 49
24 80 1
170 57 49
91 272 49
138 88 49
150 96 49
194 91 49
172 49 49
29 238 49
91 252 49
242 241 2147483647
11 98 1
38 96 1
173 174 2147483647
100 232 49
43 63 1
50 67 1
160 10 49
150 64 49
118 81 49
45 234 49
7 198 49
86 292 49
3 242 49
51 67 1
124 5 49
17 262 49
76 276 49
37 198 49
188 27 49
60 252 49
128 28 49
21 250 49
27 218 49
186 62 49
148 49 49
95 2 49
130 90 49
39 242 49
13 290 49
91 2 49
160 49 49
97 228 49
49 78 1
15 74 1
20 97 1
118 99 49
28 76 1
110 58 49
8 95 1
89 288 49
174 73 49
17 59 1
152 39 49
42 71 1
101 102 2147483647
5 63 1
8 286 49
23 52 1
62 280 49
92 212 49
164 35 49
156 3 49
130 94 49
87 208 49
152 42 49
16 230 49
93 248 49
259 258 2147483647
170 81 49
180 12 49
25 80 1
35 95 1
51 85 1
190 99 49
41 64 1
13 79 1
67 236 49
176 16 49
178 61 49
40 89 1
93 2 49
102 61 49
95 280 49
37 53 1
49 63 1
13 52 1
22 74 1
72 272 49
188 24 49
30 52 1
70 204 49
158 93 49
26 71 1
30 266 49
24 88 1
180 13 49
31 94 1
140 50 49
92 284 49
142 65 49
15 270 49
142 52 49
21 83 1
108 27 49
170 62 49
23 55 1
62 204 49
164 15 49
164 28 49
178 69 49
53 244 49
28 53 1
46 77 1
48 230 49
184 7 49
156 12 49
134 67 49
25 83 1
10 83 1
65 232 49
11 88 1
4 82 1
25 246 49
170 97 49
55 208 49
142 55 49
138 96 49
134 58 49
9 59 1
104 14 49
81 212 49
194 68 49
54 240 49
120 39 49
82 228 49
19 76 1
158 60 49
3 80 1
36 76 1
110 81 49
45 75 1
144 37 49
43 56 1
40 234 49
76 292 49
14 78 1
142 100 49
6 222 49
50 77 1
190 88 49
66 264 49
22 65 1
61 268 49
28 60 1
45 53 1
158 87 49
160 36 49
166 64 49
122 56 49
11 54 1
96 204 49
35 202 49
48 63 1
108 22 49
26 254 49
81 284 49
140 20 49
30 258 49
13 210 49
69 208 49
79 208 49
144 17 49
154 75 49
24 290 49
26 234 49
34 206 49
42 61 1
286 285 2147483647
142 53 49
64 248 49
56 252 49
23 67 1
188 26 49
130 59 49
213 212 2147483647
156 29 49
30 79 1
5 81 1
85 256 49
64 288 49
144 18 49
7 91 1
70 216 49
87 232 49
28 258 49
160 9 49
114 59 49
27 262 49
75 212 49
32 250 49
148 8 49
9 282 49
91 284 49
136 44 49
190 91 49
230 229 2147483647
72 288 49
6 70 1
26 58 1
192 12 49
174 78 49
86 272 49
34 210 49
72 212 49
186 83 49
184 27 49
10 76 1
18 91 1
38 95 1
80 248 49
164 19 49
112 32 49
1 19 49
13 95 1
170 96 49
16 63 1
81 268 49
17 80 1
13 86 1
168 50 49
24 82 1
18 55 1
31 65 1
166 85 49
118 64 49
62 264 49
10 64 1
53 232 49
20 226 49
7 84 1
42 59 1
178 77 49
162 75 49
116 8 49
93 288 49
146 96 49
28 58 1
142 59 49
38 78 1
190 86 49
122 89 49
46 67 1
84 240 49
10 62 1
37 80 1
47 72 1
51 54 1
16 65 1
39 266 49
186 100 49
75 2 49
99 2 49
142 77 49
150 72 49
14 84 1
49 64 1
15 254 49
91 292 49
24 57 1
255 254 2147483647
124 35 49
25 92 1
15 266 49
16 56 1
10 52 1
8 290 49
26 66 1
122 65 49
49 198 49
128 33 49
140 51 49
156 39 49
194 73 49
38 64 1
146 65 49
156 24 49
188 19 49
132 13 49
51 96 1
25 57 1
12 266 49
122 64 49
59 248 49
80 200 49
144 44 49
48 290 49
27 98 1
17 89 1
164 37 49
19 70 1
180 40 49
33 76 1
132 12 49
108 109 2147483647
154 77 49
41 63 1
124 17 49
47 262 49
130 56 49
51 99 1
162 98 49
102 62 49
24 91 1
36 67 1
160 5 49
42 246 49
132 5 49
160 44 49
58 292 49
21 74 1
172 34 49
6 218 49
45 97 1
68 2 49
9 83 1
114 83 49
65 240 49
122 93 49
136 16 49
34 93 1
5 53 1
48 84 1
116 6 49
91 288 49
168 19 49
124 39 49
32 63 1
20 234 49
36 278 49
176 9 49
96 268 49
194 97 49
40 59 1
51 55 1
99 248 49
194 59 49
118 72 49
67 216 49
9 84 1
42 74 1
5 222 49
29 73 1
83 200 49
116 28 49
126 66 49
16 74 1
28 202 49
27 72 1
93 208 49
23 100 1
174 86 49
47 198 49
51 218 49
9 290 49
124 38 49
17 78 1
68 220 49
98 228 49
152 10 49
51 206 49
178 67 49
49 99 1
28 254 49
37 222 49
184 24 49
51 68 1
50 290 49
27 53 1
31 96 1
11 254 49
69 220 49
74 276 49
118 78 49
24 53 1
126 76 49
38 222 49
9 76 1
65 276 49
102 57 49
68 260 49
178 55 49
34 92 1
130 62 49
91 232 49
168 42 49
124 45 49
87 248 49
31 290 49
51 97 1
42 238 49
188 16 49
130 68 49
126 100 49
90 244 49
156 45 49
47 85 1
28 97 1
43 81 1
150 60 49
27 94 1
22 250 49
8 91 1
35 274 49
190 98 49
43 71 1
32 96 1
128 22 49
18 53 1
35 96 1
176 50 49
31 54 1
98 268 49
166 99 49
4 90 1
40 242 49
90 240 49
22 72 1
74 288 49
124 15 49
160 39 49
40 54 1
76 232 49
30 76 1
93 232 49
22 270 49
102 58 49
33 92 1
112 30 49
54 252 49
110 75 49
8 198 49
43 94 1
166 73 49
35 222 49
37 254 49
43 198 49
20 73 1
60 2 49
85 220 49
164 32 49
88 280 49
23 69 1
3 75 1
53 208 49
108 32 49
99 236 49
17 90 1
158 67 49
15 274 49
40 68 1
182 67 49
100 204 49
108 38 49
6 290 49
5 80 1
67 232 49
168 9 49
104 22 49
30 94 1
59 240 49
118 100 49
19 73 1
88 228 49
188 50 49
116 40 49
8 92 1
44 262 49
178 73 49
29 52 1
47 95 1
194 70 49
194 64 49
39 254 49
116 51 49
182 55 49
154 69 49
140 13 49
188 39 49
152 47 49
245 244 2147483647
21 270 49
156 4 49
11 61 1
190 61 49
26 53 1
86 284 49
4 98 1
1 7 49
52 268 49
30 100 1
226 225 2147483647
162 99 49
60 260 49
5 66 1
25 75 1
17 226 49
120 12 49
18 73 1
61 292 49
154 66 49
100 220 49
28 246 49
124 49 49
190 69 49
100 260 49
36 59 1
75 268 49
33 70 1
108 26 49
3 98 1
39 222 49
170 94 49
81 260 49
21 100 1
59 228 49
194 54 49
152 45 49
130 73 49
19 218 49
164 30 49
162 76 49
168 11 49
4 218 49
82 260 49
75 272 49
6 100 1
148 45 49
55 216 49
25 98 1
148 33 49
164 21 49
11 59 1
12 222 49
19 87 1
186 71 49
43 250 49
148 44 49
87 204 49
16 94 1
194 95 49
146 69 49
16 73 1
14 202 49
40 56 1
11 64 1
15 68 1
29 69 1
112 43 49
50 87 1
65 220 49
38 80 1
28 198 49
11 67 1
184 51 49
12 92 1
130 92 49
46 59 1
150 80 49
270 269 2147483647
25 234 49
148 23 49
27 60 1
130 79 49
177 178 2147483647
35 68 1
47 76 1
134 64 49
46 82 1
138 56 49
20 286 49
43 210 49
49 53 1
124 25 49
155 156 2147483647
142 75 49
84 244 49
201 200 2147483647
39 96 1
39 93 1
126 62 49
22 266 49
110 53 49
92 232 49
94 276 49
89 280 49
49 278 49
192 7 49
120 34 49
3 99 1
152 31 49
21 62 1
1 40 49
59 200 49
104 5 49
11 95 1
47 97 1
30 53 1
166 60 49
146 58 49
21 262 49
45 99 1
33 58 1
154 71 49
26 97 1
196 33 49
50 60 1
19 96 1
49 214 49
176 38 49
170 71 49
182 77 49
21 274 49
152 16 49
89 204 49
7 96 1
98 216 49
102 52 49
158 58 49
40 202 49
122 52 49
10 82 1
26 57 1
85 284 49
15 57 1
154 82 49
67 212 49
120 8 49
118 67 49
24 99 1
164 42 49
126 67 49
27 68 1
122 67 49
140 36 49
23 218 49
6 230 49
42 56 1
69 288 49
45 76 1
126 88 49
110 80 49
172 16 49
13 66 1
83 240 49
27 66 1
132 4 49
44 96 1
39 88 1
47 82 1
28 210 49
158 61 49
152 3 49
196 15 49
178 84 49
15 80 1
46 89 1
51 242 49
152 44 49
166 71 49
39 83 1
122 57 49
19 74 1
11 222 49
103 104 2147483647
186 54 49
26 56 1
28 68 1
140 4 49
14 72 1
92 244 49
164 33 49
234 233 2147483647
108 35 49
156 41 49
38 83 1
194 82 49
41 88 1
9 71 1
164 17 49
5 202 49
14 57 1
49 210 49
132 43 49
276 275 2147483647
114 60 49
49 100 1
126 52 49
20 74 1
18 90 1
65 2 49
122 95 49
8 94 1
49 74 1
148 28 49
106 63 49
156 6 49
102 74 49
26 270 49
52 276 49
150 91 49
69 232 49
19 230 49
140 23 49
80 204 49
34 65 1
190 53 49
20 278 49
33 60 1
13 254 49
13 96 1
51 59 1
48 206 49
108 24 49
47 63 1
70 268 49
196 3 49
78 256 49
47 100 1
67 2 49
190 75 49
33 81 1
4 89 1
47 270 49
78 276 49
31 226 49
5 90 1
68 284 49
95 204 49
21 278 49
27 88 1
74 248 49
116 15 49
7 290 49
50 92 1
152 38 49
174 97 49
124 8 49
48 72 1
192 21 49
154 94 49
182 88 49
23 85 1
120 30 49
182 53 49
12 88 1
108 13 49
82 272 49
292 291 2147483647
32 270 49
19 214 49
61 204 49
48 64 1
112 11 49
35 81 1
162 100 49
42 83 1
44 230 49
16 234 49
17 65 1
20 222 49
182 89 49
74 236 49
32 68 1
3 198 49
10 222 49
14 274 49
86 216 49
44 52 1
40 210 49
19 68 1
32 93 1
8 82 1
99 240 49
62 276 49
12 246 49
142 68 49
154 80 49
89 200 49
56 292 49
95 228 49
29 99 1
174 65 49
160 48 49
49 71 1
34 87 1
12 80 1
16 218 49
24 54 1
48 218 49
47 234 49
3 65 1
176 31 49
104 45 49
184 10 49
77 208 49
35 218 49
98 252 49
70 200 49
79 284 49
49 270 49
20 91 1
104 20 49
33 91 1
72 208 49
165 166 2147483647
51 70 1
6 226 49
120 9 49
112 27 49
69 264 49
52 240 49
55 276 49
22 254 49
95 268 49
140 28 49
33 258 49
26 206 49
43 222 49
22 97 1
114 86 49
38 63 1
110 56 49
43 202 49
44 90 1
51 94 1
8 258 49
24 66 1
168 46 49
19 58 1
5 95 1
102 98 49
114 77 49
9 73 1
45 262 49
194 52 49
49 61 1
208 207 2147483647
120 44 49
37 246 49
22 218 49
102 67 49
190 54 49
30 68 1
81 2 49
3 226 49
118 91 49
23 98 1
132 19 49
51 76 1
89 252 49
72 260 49
184 31 49
57 240 49
81 204 49
32 97 1
22 54 1
28 214 49
130 67 49
9 77 1
12 72 1
48 96 1
17 69 1
11 262 49
15 73 1
34 73 1
46 198 49
4 94 1
186 74 49
118 56 49
71 200 49
128 16 49
152 43 49
23 68 1
54 280 49
90 288 49
60 204 49
150 82 49
176 18 49
25 226 49
166 78 49
18 52 1
110 82 49
37 98 1
100 284 49
42 234 49
281 280 2147483647
49 93 1
104 24 49
134 76 49
41 53 1
106 98 49
20 242 49
122 87 49
29 198 49
23 70 1
6 93 1
33 80 1
22 262 49
45 254 49
158 74 49
191 192 2147483647
23 59 1
11 202 49
158 72 49
14 63 1
44 94 1
136 39 49
86 264 49
118 86 49
40 60 1
30 61 1
7 83 1
17 99 1
79 244 49
9 82 1
6 65 1
28 238 49
46 68 1
90 284 49
9 278 49
162 81 49
10 55 1
20 254 49
105 106 2147483647
144 46 49
188 33 49
210 209 2147483647
12 242 49
30 234 49
81 216 49
134 54 49
59 216 49
14 214 49
146 52 49
34 99 1
146 54 49
130 98 49
80 244 49
27 81 1
90 2 49
176 14 49
67 200 49
84 252 49
68 292 49
174 66 49
95 260 49
126 70 49
99 204 49
13 58 1
162 61 49
45 93 1
44 78 1
186 84 49
30 97 1
168 34 49
71 244 49
24 202 49
10 202 49
32 66 1
154 91 49
93 204 49
16 67 1
76 236 49
188 42 49
56 212 49
174 89 49
176 6 49
112 14 49
194 56 49
43 246 49
17 81 1
14 262 49
38 99 1
35 92 1
51 258 49
36 98 1
172 26 49
170 82 49
136 9 49
178 63 49
43 97 1
82 244 49
32 246 49
48 53 1
120 7 49
40 93 1
44 72 1
116 39 49
18 62 1
26 59 1
26 218 49
44 86 1
45 60 1
60 216 49
98 2 49
136 12 49
136 46 49
25 70 1
8 76 1
41 72 1
33 61 1
63 240 49
88 264 49
122 74 49
164 26 49
19 202 49
5 286 49
93 276 49
42 81 1
28 250 49
47 59 1
180 43 49
110 86 49
150 56 49
23 262 49
182 81 49
41 96 1
168 38 49
184 17 49
14 62 1
180 33 49
49 258 49
16 278 49
232 231 2147483647
29 214 49
291 290 2147483647
31 77 1
31 59 1
182 85 49
47 75 1
65 236 49
7 53 1
19 254 49
21 210 49
8 79 1
7 94 1
14 66 1
3 266 49
152 40 49
182 82 49
122 85 49
5 98 1
50 52 1
6 282 49
34 286 49
41 55 1
43 230 49
83 244 49
5 52 1
29 66 1
16 206 49
3 238 49
84 272 49
164 50 49
46 66 1
186 75 49
21 214 49
83 292 49
128 48 49
35 226 49
6 75 1
3 58 1
12 65 1
154 95 49
194 84 49
180 45 49
120 20 49
28 62 1
50 282 49
42 202 49
132 51 49
136 137 2147483647
150 59 49
59 288 49
5 65 1
176 51 49
156 21 49
34 290 49
14 96 1
73 264 49
150 81 49
22 246 49
34 98 1
144 30 49
148 31 49
158 85 49
83 232 49
102 72 49
41 91 1
22 93 1
148 51 49
13 98 1
15 86 1
71 208 49
164 165 2147483647
261 260 2147483647
28 95 1
32 89 1
13 198 49
87 256 49
15 75 1
24 198 49
78 260 49
189 190 2147483647
178 98 49
35 262 49
38 93 1
5 91 1
11 238 49
156 36 49
77 212 49
152 33 49
110 99 49
40 85 1
4 95 1
29 206 49
52 244 49
25 65 1
3 54 1
194 94 49
120 37 49
16 93 1
178 79 49
89 232 49
51 60 1
99 280 49
32 218 49
31 88 1
114 64 49
112 7 49
33 93 1
190 65 49
85 252 49
186 98 49
148 9 49
7 230 49
23 66 1
116 20 49
11 52 1
114 68 49
40 62 1
170 58 49
126 90 49
126 53 49
104 41 49
150 53 49
150 83 49
17 96 1
102 80 49
21 59 1
10 95 1
37 250 49
15 91 1
15 218 49
3 96 1
16 95 1
154 52 49
23 71 1
108 30 49
67 276 49
130 100 49
127 128 2147483647
102 100 49
56 208 49
78 284 49
7 65 1
45 90 1
33 72 1
279 278 2147483647
38 91 1
188 18 49
8 59 1
47 62 1
42 206 49
148 26 49
6 97 1
61 260 49
29 97 1
80 236 49
178 52 49
1 12 49
154 88 49
176 28 49
33 59 1
112 44 49
182 75 49
50 274 49
3 86 1
53 280 49
172 48 49
47 69 1
47 70 1
98 200 49
92 2 49
11 218 49
176 177 2147483647
11 100 1
8 99 1
26 210 49
10 53 1
60 256 49
6 60 1
13 70 1
126 95 49
17 290 49
8 100 1
30 262 49
138 95 49
154 68 49
27 266 49
44 93 1
124 21 49
76 216 49
188 11 49
46 88 1
50 65 1
40 78 1
170 91 49
168 47 49
44 88 1
186 94 49
35 75 1
7 76 1
21 65 1
1 48 49
22 96 1
150 74 49
178 78 49
130 66 49
184 33 49
106 76 49
18 63 1
96 280 49
17 242 49
8 88 1
5 85 1
80 288 49
28 282 49
108 46 49
146 61 49
180 46 49
31 95 1
97 256 49
17 86 1
49 92 1
10 262 49
152 14 49
46 96 1
192 8 49
42 218 49
51 79 1
89 216 49
48 94 1
120 17 49
54 284 49
132 23 49
194 85 49
45 92 1
144 36 49
112 25 49
30 222 49
76 260 49
39 58 1
36 84 1
34 258 49
57 252 49
144 50 49
20 96 1
29 61 1
110 62 49
31 57 1
67 252 49
40 258 49
106 68 49
130 86 49
126 77 49
162 93 49
122 100 49
25 84 1
196 11 49
15 76 1
194 71 49
120 11 49
134 52 49
134 88 49
25 222 49
46 246 49
144 20 49
142 93 49
10 206 49
41 84 1
113 114 2147483647
38 230 49
17 282 49
148 50 49
120 21 49
144 10 49
12 90 1
10 266 49
170 53 49
48 210 49
118 58 49
32 87 1
233 232 2147483647
43 258 49
196 29 49
19 52 1
45 52 1
66 212 49
148 4 49
36 70 1
34 198 49
44 95 1
22 75 1
58 220 49
91 244 49
158 92 49
15 100 1
102 79 49
11 246 49
182 56 49
118 70 49
35 72 1
196 36 49
132 15 49
