1200 2396 1 1200
1 2 2147483647
2 1200 1
2 3 2147483647
3 1200 1
3 4 2147483647
4 1200 1
4 5 2147483647
5 1200 1
5 6 2147483647
6 1200 1
6 7 2147483647
7 1200 1
7 8 2147483647
8 1200 1
8 9 2147483647
9 1200 1
9 10 2147483647
10 1200 1
10 11 2147483647
11 1200 1
11 12 2147483647
12 1200 1
12 13 2147483647
13 1200 1
13 14 2147483647
14 1200 1
14 15 2147483647
15 1200 1
15 16 2147483647
16 1200 1
16 17 2147483647
17 1200 1
17 18 2147483647
18 1200 1
18 19 2147483647
19 1200 1
19 20 2147483647
20 1200 1
20 21 2147483647
21 1200 1
21 22 2147483647
22 1200 1
22 23 2147483647
23 1200 1
23 24 2147483647
24 1200 1
24 25 2147483647
25 1200 1
25 26 2147483647
26 1200 1
26 27 2147483647
27 1200 1
27 28 2147483647
28 1200 1
28 29 2147483647
29 1200 1
29 30 2147483647
30 1200 1
30 31 2147483647
31 1200 1
31 32 2147483647
32 1200 1
32 33 2147483647
33 1200 1
33 34 2147483647
34 1200 1
34 35 2147483647
35 1200 1
35 36 2147483647
36 1200 1
36 37 2147483647
37 1200 1
37 38 2147483647
38 1200 1
38 39 2147483647
39 1200 1
39 40 2147483647
40 1200 1
40 41 2147483647
41 1200 1
41 42 2147483647
42 1200 1
42 43 2147483647
43 1200 1
43 44 2147483647
44 1200 1
44 45 2147483647
45 1200 1
45 46 2147483647
46 1200 1
46 47 2147483647
47 1200 1
47 48 2147483647
48 1200 1
48 49 2147483647
49 1200 1
49 50 2147483647
50 1200 1
50 51 2147483647
51 1200 1
51 52 2147483647
52 1200 1
52 53 2147483647
53 1200 1
53 54 2147483647
54 1200 1
54 55 2147483647
55 1200 1
55 56 2147483647
56 1200 1
56 57 2147483647
57 1200 1
57 58 2147483647
58 1200 1
58 59 2147483647
59 1200 1
59 60 2147483647
60 1200 1
60 61 2147483647
61 1200 1
61 62 2147483647
62 1200 1
62 63 2147483647
63 1200 1
63 64 2147483647
64 1200 1
64 65 2147483647
65 1200 1
65 66 2147483647
66 1200 1
66 67 2147483647
67 1200 1
67 68 2147483647
68 1200 1
68 69 2147483647
69 1200 1
69 70 2147483647
70 1200 1
70 71 2147483647
71 1200 1
71 72 2147483647
72 1200 1
72 73 2147483647
73 1200 1
73 74 2147483647
74 1200 1
74 75 2147483647
75 1200 1
75 76 2147483647
76 1200 1
76 77 2147483647
77 1200 1
77 78 2147483647
78 1200 1
78 79 2147483647
79 1200 1
79 80 2147483647
80 1200 1
80 81 2147483647
81 1200 1
81 82 2147483647
82 1200 1
82 83 2147483647
83 1200 1
83 84 2147483647
84 1200 1
84 85 2147483647
85 1200 1
85 86 2147483647
86 1200 1
86 87 2147483647
87 1200 1
87 88 2147483647
88 1200 1
88 89 2147483647
89 1200 1
89 90 2147483647
90 1200 1
90 91 2147483647
91 1200 1
91 92 2147483647
92 1200 1
92 93 2147483647
93 1200 1
93 94 2147483647
94 1200 1
94 95 2147483647
95 1200 1
95 96 2147483647
96 1200 1
96 97 2147483647
97 1200 1
97 98 2147483647
98 1200 1
98 99 2147483647
99 1200 1
99 100 2147483647
100 1200 1
100 101 2147483647
101 1200 1
101 102 2147483647
102 1200 1
102 103 2147483647
103 1200 1
103 104 2147483647
104 1200 1
104 105 2147483647
105 1200 1
105 106 2147483647
106 1200 1
106 107 2147483647
107 1200 1
107 108 2147483647
108 1200 1
108 109 2147483647
109 1200 1
109 110 2147483647
110 1200 1
110 111 2147483647
111 1200 1
111 112 2147483647
112 1200 1
112 113 2147483647
113 1200 1
113 114 2147483647
114 1200 1
114 115 2147483647
115 1200 1
115 116 2147483647
116 1200 1
116 117 2147483647
117 1200 1
117 118 2147483647
118 1200 1
118 119 2147483647
119 1200 1
119 120 2147483647
120 1200 1
120 121 2147483647
121 1200 1
121 122 2147483647
122 1200 1
122 123 2147483647
123 1200 1
123 124 2147483647
124 1200 1
124 125 2147483647
125 1200 1
125 126 2147483647
126 1200 1
126 127 2147483647
127 1200 1
127 128 2147483647
128 1200 1
128 129 2147483647
129 1200 1
129 130 2147483647
130 1200 1
130 131 2147483647
131 1200 1
131 132 2147483647
132 1200 1
132 133 2147483647
133 1200 1
133 134 2147483647
134 1200 1
134 135 2147483647
135 1200 1
135 136 2147483647
136 1200 1
136 137 2147483647
137 1200 1
137 138 2147483647
138 1200 1
138 139 2147483647
139 1200 1
139 140 2147483647
140 1200 1
140 141 2147483647
141 1200 1
141 142 2147483647
142 1200 1
142 143 2147483647
143 1200 1
143 144 2147483647
144 1200 1
144 145 2147483647
145 1200 1
145 146 2147483647
146 1200 1
146 147 2147483647
147 1200 1
147 148 2147483647
148 1200 1
148 149 2147483647
149 1200 1
149 150 2147483647
150 1200 1
150 151 2147483647
151 1200 1
151 152 2147483647
152 1200 1
152 153 2147483647
153 1200 1
153 154 2147483647
154 1200 1
154 155 2147483647
155 1200 1
155 156 2147483647
156 1200 1
156 157 2147483647
157 1200 1
157 158 2147483647
158 1200 1
158 159 2147483647
159 1200 1
159 160 2147483647
160 1200 1
160 161 2147483647
161 1200 1
161 162 2147483647
162 1200 1
162 163 2147483647
163 1200 1
163 164 2147483647
164 1200 1
164 165 2147483647
165 1200 1
165 166 2147483647
166 1200 1
166 167 2147483647
167 1200 1
167 168 2147483647
168 1200 1
168 169 2147483647
169 1200 1
169 170 2147483647
170 1200 1
170 171 2147483647
171 1200 1
171 172 2147483647
172 1200 1
172 173 2147483647
173 1200 1
173 174 2147483647
174 1200 1
174 175 2147483647
175 1200 1
175 176 2147483647
176 1200 1
176 177 2147483647
177 1200 1
177 178 2147483647
178 1200 1
178 179 2147483647
179 1200 1
179 180 2147483647
180 1200 1
180 181 2147483647
181 1200 1
181 182 2147483647
182 1200 1
182 183 2147483647
183 1200 1
183 184 2147483647
184 1200 1
184 185 2147483647
185 1200 1
185 186 2147483647
186 1200 1
186 187 2147483647
187 1200 1
187 188 2147483647
188 1200 1
188 189 2147483647
189 1200 1
189 190 2147483647
190 1200 1
190 191 2147483647
191 1200 1
191 192 2147483647
192 1200 1
192 193 2147483647
193 1200 1
193 194 2147483647
194 1200 1
194 195 2147483647
195 1200 1
195 196 2147483647
196 1200 1
196 197 2147483647
197 1200 1
197 198 2147483647
198 1200 1
198 199 2147483647
199 1200 1
199 200 2147483647
200 1200 1
200 201 2147483647
201 1200 1
201 202 2147483647
202 1200 1
202 203 2147483647
203 1200 1
203 204 2147483647
204 1200 1
204 205 2147483647
205 1200 1
205 206 2147483647
206 1200 1
206 207 2147483647
207 1200 1
207 208 2147483647
208 1200 1
208 209 2147483647
209 1200 1
209 210 2147483647
210 1200 1
210 211 2147483647
211 1200 1
211 212 2147483647
212 1200 1
212 213 2147483647
213 1200 1
213 214 2147483647
214 1200 1
214 215 2147483647
215 1200 1
215 216 2147483647
216 1200 1
216 217 2147483647
217 1200 1
217 218 2147483647
218 1200 1
218 219 2147483647
219 1200 1
219 220 2147483647
220 1200 1
220 221 2147483647
221 1200 1
221 222 2147483647
222 1200 1
222 223 2147483647
223 1200 1
223 224 2147483647
224 1200 1
224 225 2147483647
225 1200 1
225 226 2147483647
226 1200 1
226 227 2147483647
227 1200 1
227 228 2147483647
228 1200 1
228 229 2147483647
229 1200 1
229 230 2147483647
230 1200 1
230 231 2147483647
231 1200 1
231 232 2147483647
232 1200 1
232 233 2147483647
233 1200 1
233 234 2147483647
234 1200 1
234 235 2147483647
235 1200 1
235 236 2147483647
236 1200 1
236 237 2147483647
237 1200 1
237 238 2147483647
238 1200 1
238 239 2147483647
239 1200 1
239 240 2147483647
240 1200 1
240 241 2147483647
241 1200 1
241 242 2147483647
242 1200 1
242 243 2147483647
243 1200 1
243 244 2147483647
244 1200 1
244 245 2147483647
245 1200 1
245 246 2147483647
246 1200 1
246 247 2147483647
247 1200 1
247 248 2147483647
248 1200 1
248 249 2147483647
249 1200 1
249 250 2147483647
250 1200 1
250 251 2147483647
251 1200 1
251 252 2147483647
252 1200 1
252 253 2147483647
253 1200 1
253 254 2147483647
254 1200 1
254 255 2147483647
255 1200 1
255 256 2147483647
256 1200 1
256 257 2147483647
257 1200 1
257 258 2147483647
258 1200 1
258 259 2147483647
259 1200 1
259 260 2147483647
260 1200 1
260 261 2147483647
261 1200 1
261 262 2147483647
262 1200 1
262 263 2147483647
263 1200 1
263 264 2147483647
264 1200 1
264 265 2147483647
265 1200 1
265 266 2147483647
266 1200 1
266 267 2147483647
267 1200 1
267 268 2147483647
268 1200 1
268 269 2147483647
269 1200 1
269 270 2147483647
270 1200 1
270 271 2147483647
271 1200 1
271 272 2147483647
272 1200 1
272 273 2147483647
273 1200 1
273 274 2147483647
274 1200 1
274 275 2147483647
275 1200 1
275 276 2147483647
276 1200 1
276 277 2147483647
277 1200 1
277 278 2147483647
278 1200 1
278 279 2147483647
279 1200 1
279 280 2147483647
280 1200 1
280 281 2147483647
281 1200 1
281 282 2147483647
282 1200 1
282 283 2147483647
283 1200 1
283 284 2147483647
284 1200 1
284 285 2147483647
285 1200 1
285 286 2147483647
286 1200 1
286 287 2147483647
287 1200 1
287 288 2147483647
288 1200 1
288 289 2147483647
289 1200 1
289 290 2147483647
290 1200 1
290 291 2147483647
291 1200 1
291 292 2147483647
292 1200 1
292 293 2147483647
293 1200 1
293 294 2147483647
294 1200 1
294 295 2147483647
295 1200 1
295 296 2147483647
296 1200 1
296 297 2147483647
297 1200 1
297 298 2147483647
298 1200 1
298 299 2147483647
299 1200 1
299 300 2147483647
300 1200 1
300 301 2147483647
301 1200 1
301 302 2147483647
302 1200 1
302 303 2147483647
303 1200 1
303 304 2147483647
304 1200 1
304 305 2147483647
305 1200 1
305 306 2147483647
306 1200 1
306 307 2147483647
307 1200 1
307 308 2147483647
308 1200 1
308 309 2147483647
309 1200 1
309 310 2147483647
310 1200 1
310 311 2147483647
311 1200 1
311 312 2147483647
312 1200 1
312 313 2147483647
313 1200 1
313 314 2147483647
314 1200 1
314 315 2147483647
315 1200 1
315 316 2147483647
316 1200 1
316 317 2147483647
317 1200 1
317 318 2147483647
318 1200 1
318 319 2147483647
319 1200 1
319 320 2147483647
320 1200 1
320 321 2147483647
321 1200 1
321 322 2147483647
322 1200 1
322 323 2147483647
323 1200 1
323 324 2147483647
324 1200 1
324 325 2147483647
325 1200 1
325 326 2147483647
326 1200 1
326 327 2147483647
327 1200 1
327 328 2147483647
328 1200 1
328 329 2147483647
329 1200 1
329 330 2147483647
330 1200 1
330 331 2147483647
331 1200 1
331 332 2147483647
332 1200 1
332 333 2147483647
333 1200 1
333 334 2147483647
334 1200 1
334 335 2147483647
335 1200 1
335 336 2147483647
336 1200 1
336 337 2147483647
337 1200 1
337 338 2147483647
338 1200 1
338 339 2147483647
339 1200 1
339 340 2147483647
340 1200 1
340 341 2147483647
341 1200 1
341 342 2147483647
342 1200 1
342 343 2147483647
343 1200 1
343 344 2147483647
344 1200 1
344 345 2147483647
345 1200 1
345 346 2147483647
346 1200 1
346 347 2147483647
347 1200 1
347 348 2147483647
348 1200 1
348 349 2147483647
349 1200 1
349 350 2147483647
350 1200 1
350 351 2147483647
351 1200 1
351 352 2147483647
352 1200 1
352 353 2147483647
353 1200 1
353 354 2147483647
354 1200 1
354 355 2147483647
355 1200 1
355 356 2147483647
356 1200 1
356 357 2147483647
357 1200 1
357 358 2147483647
358 1200 1
358 359 2147483647
359 1200 1
359 360 2147483647
360 1200 1
360 361 2147483647
361 1200 1
361 362 2147483647
362 1200 1
362 363 2147483647
363 1200 1
363 364 2147483647
364 1200 1
364 365 2147483647
365 1200 1
365 366 2147483647
366 1200 1
366 367 2147483647
367 1200 1
367 368 2147483647
368 1200 1
368 369 2147483647
369 1200 1
369 370 2147483647
370 1200 1
370 371 2147483647
371 1200 1
371 372 2147483647
372 1200 1
372 373 2147483647
373 1200 1
373 374 2147483647
374 1200 1
374 375 2147483647
375 1200 1
375 376 2147483647
376 1200 1
376 377 2147483647
377 1200 1
377 378 2147483647
378 1200 1
378 379 2147483647
379 1200 1
379 380 2147483647
380 1200 1
380 381 2147483647
381 1200 1
381 382 2147483647
382 1200 1
382 383 2147483647
383 1200 1
383 384 2147483647
384 1200 1
384 385 2147483647
385 1200 1
385 386 2147483647
386 1200 1
386 387 2147483647
387 1200 1
387 388 2147483647
388 1200 1
388 389 2147483647
389 1200 1
389 390 2147483647
390 1200 1
390 391 2147483647
391 1200 1
391 392 2147483647
392 1200 1
392 393 2147483647
393 1200 1
393 394 2147483647
394 1200 1
394 395 2147483647
395 1200 1
395 396 2147483647
396 1200 1
396 397 2147483647
397 1200 1
397 398 2147483647
398 1200 1
398 399 2147483647
399 1200 1
399 400 2147483647
400 1200 1
400 401 2147483647
401 1200 1
401 402 2147483647
402 1200 1
402 403 2147483647
403 1200 1
403 404 2147483647
404 1200 1
404 405 2147483647
405 1200 1
405 406 2147483647
406 1200 1
406 407 2147483647
407 1200 1
407 408 2147483647
408 1200 1
408 409 2147483647
409 1200 1
409 410 2147483647
410 1200 1
410 411 2147483647
411 1200 1
411 412 2147483647
412 1200 1
412 413 2147483647
413 1200 1
413 414 2147483647
414 1200 1
414 415 2147483647
415 1200 1
415 416 2147483647
416 1200 1
416 417 2147483647
417 1200 1
417 418 2147483647
418 1200 1
418 419 2147483647
419 1200 1
419 420 2147483647
420 1200 1
420 421 2147483647
421 1200 1
421 422 2147483647
422 1200 1
422 423 2147483647
423 1200 1
423 424 2147483647
424 1200 1
424 425 2147483647
425 1200 1
425 426 2147483647
426 1200 1
426 427 2147483647
427 1200 1
427 428 2147483647
428 1200 1
428 429 2147483647
429 1200 1
429 430 2147483647
430 1200 1
430 431 2147483647
431 1200 1
431 432 2147483647
432 1200 1
432 433 2147483647
433 1200 1
433 434 2147483647
434 1200 1
434 435 2147483647
435 1200 1
435 436 2147483647
436 1200 1
436 437 2147483647
437 1200 1
437 438 2147483647
438 1200 1
438 439 2147483647
439 1200 1
439 440 2147483647
440 1200 1
440 441 2147483647
441 1200 1
441 442 2147483647
442 1200 1
442 443 2147483647
443 1200 1
443 444 2147483647
444 1200 1
444 445 2147483647
445 1200 1
445 446 2147483647
446 1200 1
446 447 2147483647
447 1200 1
447 448 2147483647
448 1200 1
448 449 2147483647
449 1200 1
449 450 2147483647
450 1200 1
450 451 2147483647
451 1200 1
451 452 2147483647
452 1200 1
452 453 2147483647
453 1200 1
453 454 2147483647
454 1200 1
454 455 2147483647
455 1200 1
455 456 2147483647
456 1200 1
456 457 2147483647
457 1200 1
457 458 2147483647
458 1200 1
458 459 2147483647
459 1200 1
459 460 2147483647
460 1200 1
460 461 2147483647
461 1200 1
461 462 2147483647
462 1200 1
462 463 2147483647
463 1200 1
463 464 2147483647
464 1200 1
464 465 2147483647
465 1200 1
465 466 2147483647
466 1200 1
466 467 2147483647
467 1200 1
467 468 2147483647
468 1200 1
468 469 2147483647
469 1200 1
469 470 2147483647
470 1200 1
470 471 2147483647
471 1200 1
471 472 2147483647
472 1200 1
472 473 2147483647
473 1200 1
473 474 2147483647
474 1200 1
474 475 2147483647
475 1200 1
475 476 2147483647
476 1200 1
476 477 2147483647
477 1200 1
477 478 2147483647
478 1200 1
478 479 2147483647
479 1200 1
479 480 2147483647
480 1200 1
480 481 2147483647
481 1200 1
481 482 2147483647
482 1200 1
482 483 2147483647
483 1200 1
483 484 2147483647
484 1200 1
484 485 2147483647
485 1200 1
485 486 2147483647
486 1200 1
486 487 2147483647
487 1200 1
487 488 2147483647
488 1200 1
488 489 2147483647
489 1200 1
489 490 2147483647
490 1200 1
490 491 2147483647
491 1200 1
491 492 2147483647
492 1200 1
492 493 2147483647
493 1200 1
493 494 2147483647
494 1200 1
494 495 2147483647
495 1200 1
495 496 2147483647
496 1200 1
496 497 2147483647
497 1200 1
497 498 2147483647
498 1200 1
498 499 2147483647
499 1200 1
499 500 2147483647
500 1200 1
500 501 2147483647
501 1200 1
501 502 2147483647
502 1200 1
502 503 2147483647
503 1200 1
503 504 2147483647
504 1200 1
504 505 2147483647
505 1200 1
505 506 2147483647
506 1200 1
506 507 2147483647
507 1200 1
507 508 2147483647
508 1200 1
508 509 2147483647
509 1200 1
509 510 2147483647
510 1200 1
510 511 2147483647
511 1200 1
511 512 2147483647
512 1200 1
512 513 2147483647
513 1200 1
513 514 2147483647
514 1200 1
514 515 2147483647
515 1200 1
515 516 2147483647
516 1200 1
516 517 2147483647
517 1200 1
517 518 2147483647
518 1200 1
518 519 2147483647
519 1200 1
519 520 2147483647
520 1200 1
520 521 2147483647
521 1200 1
521 522 2147483647
522 1200 1
522 523 2147483647
523 1200 1
523 524 2147483647
524 1200 1
524 525 2147483647
525 1200 1
525 526 2147483647
526 1200 1
526 527 2147483647
527 1200 1
527 528 2147483647
528 1200 1
528 529 2147483647
529 1200 1
529 530 2147483647
530 1200 1
530 531 2147483647
531 1200 1
531 532 2147483647
532 1200 1
532 533 2147483647
533 1200 1
533 534 2147483647
534 1200 1
534 535 2147483647
535 1200 1
535 536 2147483647
536 1200 1
536 537 2147483647
537 1200 1
537 538 2147483647
538 1200 1
538 539 2147483647
539 1200 1
539 540 2147483647
540 1200 1
540 541 2147483647
541 1200 1
541 542 2147483647
542 1200 1
542 543 2147483647
543 1200 1
543 544 2147483647
544 1200 1
544 545 2147483647
545 1200 1
545 546 2147483647
546 1200 1
546 547 2147483647
547 1200 1
547 548 2147483647
548 1200 1
548 549 2147483647
549 1200 1
549 550 2147483647
550 1200 1
550 551 2147483647
551 1200 1
551 552 2147483647
552 1200 1
552 553 2147483647
553 1200 1
553 554 2147483647
554 1200 1
554 555 2147483647
555 1200 1
555 556 2147483647
556 1200 1
556 557 2147483647
557 1200 1
557 558 2147483647
558 1200 1
558 559 2147483647
559 1200 1
559 560 2147483647
560 1200 1
560 561 2147483647
561 1200 1
561 562 2147483647
562 1200 1
562 563 2147483647
563 1200 1
563 564 2147483647
564 1200 1
564 565 2147483647
565 1200 1
565 566 2147483647
566 1200 1
566 567 2147483647
567 1200 1
567 568 2147483647
568 1200 1
568 569 2147483647
569 1200 1
569 570 2147483647
570 1200 1
570 571 2147483647
571 1200 1
571 572 2147483647
572 1200 1
572 573 2147483647
573 1200 1
573 574 2147483647
574 1200 1
574 575 2147483647
575 1200 1
575 576 2147483647
576 1200 1
576 577 2147483647
577 1200 1
577 578 2147483647
578 1200 1
578 579 2147483647
579 1200 1
579 580 2147483647
580 1200 1
580 581 2147483647
581 1200 1
581 582 2147483647
582 1200 1
582 583 2147483647
583 1200 1
583 584 2147483647
584 1200 1
584 585 2147483647
585 1200 1
585 586 2147483647
586 1200 1
586 587 2147483647
587 1200 1
587 588 2147483647
588 1200 1
588 589 2147483647
589 1200 1
589 590 2147483647
590 1200 1
590 591 2147483647
591 1200 1
591 592 2147483647
592 1200 1
592 593 2147483647
593 1200 1
593 594 2147483647
594 1200 1
594 595 2147483647
595 1200 1
595 596 2147483647
596 1200 1
596 597 2147483647
597 1200 1
597 598 2147483647
598 1200 1
598 599 2147483647
599 1200 1
599 600 2147483647
600 1200 1
600 601 2147483647
601 1200 1
601 602 2147483647
602 1200 1
602 603 2147483647
603 1200 1
603 604 2147483647
604 1200 1
604 605 2147483647
605 1200 1
605 606 2147483647
606 1200 1
606 607 2147483647
607 1200 1
607 608 2147483647
608 1200 1
608 609 2147483647
609 1200 1
609 610 2147483647
610 1200 1
610 611 2147483647
611 1200 1
611 612 2147483647
612 1200 1
612 613 2147483647
613 1200 1
613 614 2147483647
614 1200 1
614 615 2147483647
615 1200 1
615 616 2147483647
616 1200 1
616 617 2147483647
617 1200 1
617 618 2147483647
618 1200 1
618 619 2147483647
619 1200 1
619 620 2147483647
620 1200 1
620 621 2147483647
621 1200 1
621 622 2147483647
622 1200 1
622 623 2147483647
623 1200 1
623 624 2147483647
624 1200 1
624 625 2147483647
625 1200 1
625 626 2147483647
626 1200 1
626 627 2147483647
627 1200 1
627 628 2147483647
628 1200 1
628 629 2147483647
629 1200 1
629 630 2147483647
630 1200 1
630 631 2147483647
631 1200 1
631 632 2147483647
632 1200 1
632 633 2147483647
633 1200 1
633 634 2147483647
634 1200 1
634 635 2147483647
635 1200 1
635 636 2147483647
636 1200 1
636 637 2147483647
637 1200 1
637 638 2147483647
638 1200 1
638 639 2147483647
639 1200 1
639 640 2147483647
640 1200 1
640 641 2147483647
641 1200 1
641 642 2147483647
642 1200 1
642 643 2147483647
643 1200 1
643 644 2147483647
644 1200 1
644 645 2147483647
645 1200 1
645 646 2147483647
646 1200 1
646 647 2147483647
647 1200 1
647 648 2147483647
648 1200 1
648 649 2147483647
649 1200 1
649 650 2147483647
650 1200 1
650 651 2147483647
651 1200 1
651 652 2147483647
652 1200 1
652 653 2147483647
653 1200 1
653 654 2147483647
654 1200 1
654 655 2147483647
655 1200 1
655 656 2147483647
656 1200 1
656 657 2147483647
657 1200 1
657 658 2147483647
658 1200 1
658 659 2147483647
659 1200 1
659 660 2147483647
660 1200 1
660 661 2147483647
661 1200 1
661 662 2147483647
662 1200 1
662 663 2147483647
663 1200 1
663 664 2147483647
664 1200 1
664 665 2147483647
665 1200 1
665 666 2147483647
666 1200 1
666 667 2147483647
667 1200 1
667 668 2147483647
668 1200 1
668 669 2147483647
669 1200 1
669 670 2147483647
670 1200 1
670 671 2147483647
671 1200 1
671 672 2147483647
672 1200 1
672 673 2147483647
673 1200 1
673 674 2147483647
674 1200 1
674 675 2147483647
675 1200 1
675 676 2147483647
676 1200 1
676 677 2147483647
677 1200 1
677 678 2147483647
678 1200 1
678 679 2147483647
679 1200 1
679 680 2147483647
680 1200 1
680 681 2147483647
681 1200 1
681 682 2147483647
682 1200 1
682 683 2147483647
683 1200 1
683 684 2147483647
684 1200 1
684 685 2147483647
685 1200 1
685 686 2147483647
686 1200 1
686 687 2147483647
687 1200 1
687 688 2147483647
688 1200 1
688 689 2147483647
689 1200 1
689 690 2147483647
690 1200 1
690 691 2147483647
691 1200 1
691 692 2147483647
692 1200 1
692 693 2147483647
693 1200 1
693 694 2147483647
694 1200 1
694 695 2147483647
695 1200 1
695 696 2147483647
696 1200 1
696 697 2147483647
697 1200 1
697 698 2147483647
698 1200 1
698 699 2147483647
699 1200 1
699 700 2147483647
700 1200 1
700 701 2147483647
701 1200 1
701 702 2147483647
702 1200 1
702 703 2147483647
703 1200 1
703 704 2147483647
704 1200 1
704 705 2147483647
705 1200 1
705 706 2147483647
706 1200 1
706 707 2147483647
707 1200 1
707 708 2147483647
708 1200 1
708 709 2147483647
709 1200 1
709 710 2147483647
710 1200 1
710 711 2147483647
711 1200 1
711 712 2147483647
712 1200 1
712 713 2147483647
713 1200 1
713 714 2147483647
714 1200 1
714 715 2147483647
715 1200 1
715 716 2147483647
716 1200 1
716 717 2147483647
717 1200 1
717 718 2147483647
718 1200 1
718 719 2147483647
719 1200 1
719 720 2147483647
720 1200 1
720 721 2147483647
721 1200 1
721 722 2147483647
722 1200 1
722 723 2147483647
723 1200 1
723 724 2147483647
724 1200 1
724 725 2147483647
725 1200 1
725 726 2147483647
726 1200 1
726 727 2147483647
727 1200 1
727 728 2147483647
728 1200 1
728 729 2147483647
729 1200 1
729 730 2147483647
730 1200 1
730 731 2147483647
731 1200 1
731 732 2147483647
732 1200 1
732 733 2147483647
733 1200 1
733 734 2147483647
734 1200 1
734 735 2147483647
735 1200 1
735 736 2147483647
736 1200 1
736 737 2147483647
737 1200 1
737 738 2147483647
738 1200 1
738 739 2147483647
739 1200 1
739 740 2147483647
740 1200 1
740 741 2147483647
741 1200 1
741 742 2147483647
742 1200 1
742 743 2147483647
743 1200 1
743 744 2147483647
744 1200 1
744 745 2147483647
745 1200 1
745 746 2147483647
746 1200 1
746 747 2147483647
747 1200 1
747 748 2147483647
748 1200 1
748 749 2147483647
749 1200 1
749 750 2147483647
750 1200 1
750 751 2147483647
751 1200 1
751 752 2147483647
752 1200 1
752 753 2147483647
753 1200 1
753 754 2147483647
754 1200 1
754 755 2147483647
755 1200 1
755 756 2147483647
756 1200 1
756 757 2147483647
757 1200 1
757 758 2147483647
758 1200 1
758 759 2147483647
759 1200 1
759 760 2147483647
760 1200 1
760 761 2147483647
761 1200 1
761 762 2147483647
762 1200 1
762 763 2147483647
763 1200 1
763 764 2147483647
764 1200 1
764 765 2147483647
765 1200 1
765 766 2147483647
766 1200 1
766 767 2147483647
767 1200 1
767 768 2147483647
768 1200 1
768 769 2147483647
769 1200 1
769 770 2147483647
770 1200 1
770 771 2147483647
771 1200 1
771 772 2147483647
772 1200 1
772 773 2147483647
773 1200 1
773 774 2147483647
774 1200 1
774 775 2147483647
775 1200 1
775 776 2147483647
776 1200 1
776 777 2147483647
777 1200 1
777 778 2147483647
778 1200 1
778 779 2147483647
779 1200 1
779 780 2147483647
780 1200 1
780 781 2147483647
781 1200 1
781 782 2147483647
782 1200 1
782 783 2147483647
783 1200 1
783 784 2147483647
784 1200 1
784 785 2147483647
785 1200 1
785 786 2147483647
786 1200 1
786 787 2147483647
787 1200 1
787 788 2147483647
788 1200 1
788 789 2147483647
789 1200 1
789 790 2147483647
790 1200 1
790 791 2147483647
791 1200 1
791 792 2147483647
792 1200 1
792 793 2147483647
793 1200 1
793 794 2147483647
794 1200 1
794 795 2147483647
795 1200 1
795 796 2147483647
796 1200 1
796 797 2147483647
797 1200 1
797 798 2147483647
798 1200 1
798 799 2147483647
799 1200 1
799 800 2147483647
800 1200 1
800 801 2147483647
801 1200 1
801 802 2147483647
802 1200 1
802 803 2147483647
803 1200 1
803 804 2147483647
804 1200 1
804 805 2147483647
805 1200 1
805 806 2147483647
806 1200 1
806 807 2147483647
807 1200 1
807 808 2147483647
808 1200 1
808 809 2147483647
809 1200 1
809 810 2147483647
810 1200 1
810 811 2147483647
811 1200 1
811 812 2147483647
812 1200 1
812 813 2147483647
813 1200 1
813 814 2147483647
814 1200 1
814 815 2147483647
815 1200 1
815 816 2147483647
816 1200 1
816 817 2147483647
817 1200 1
817 818 2147483647
818 1200 1
818 819 2147483647
819 1200 1
819 820 2147483647
820 1200 1
820 821 2147483647
821 1200 1
821 822 2147483647
822 1200 1
822 823 2147483647
823 1200 1
823 824 2147483647
824 1200 1
824 825 2147483647
825 1200 1
825 826 2147483647
826 1200 1
826 827 2147483647
827 1200 1
827 828 2147483647
828 1200 1
828 829 2147483647
829 1200 1
829 830 2147483647
830 1200 1
830 831 2147483647
831 1200 1
831 832 2147483647
832 1200 1
832 833 2147483647
833 1200 1
833 834 2147483647
834 1200 1
834 835 2147483647
835 1200 1
835 836 2147483647
836 1200 1
836 837 2147483647
837 1200 1
837 838 2147483647
838 1200 1
838 839 2147483647
839 1200 1
839 840 2147483647
840 1200 1
840 841 2147483647
841 1200 1
841 842 2147483647
842 1200 1
842 843 2147483647
843 1200 1
843 844 2147483647
844 1200 1
844 845 2147483647
845 1200 1
845 846 2147483647
846 1200 1
846 847 2147483647
847 1200 1
847 848 2147483647
848 1200 1
848 849 2147483647
849 1200 1
849 850 2147483647
850 1200 1
850 851 2147483647
851 1200 1
851 852 2147483647
852 1200 1
852 853 2147483647
853 1200 1
853 854 2147483647
854 1200 1
854 855 2147483647
855 1200 1
855 856 2147483647
856 1200 1
856 857 2147483647
857 1200 1
857 858 2147483647
858 1200 1
858 859 2147483647
859 1200 1
859 860 2147483647
860 1200 1
860 861 2147483647
861 1200 1
861 862 2147483647
862 1200 1
862 863 2147483647
863 1200 1
863 864 2147483647
864 1200 1
864 865 2147483647
865 1200 1
865 866 2147483647
866 1200 1
866 867 2147483647
867 1200 1
867 868 2147483647
868 1200 1
868 869 2147483647
869 1200 1
869 870 2147483647
870 1200 1
870 871 2147483647
871 1200 1
871 872 2147483647
872 1200 1
872 873 2147483647
873 1200 1
873 874 2147483647
874 1200 1
874 875 2147483647
875 1200 1
875 876 2147483647
876 1200 1
876 877 2147483647
877 1200 1
877 878 2147483647
878 1200 1
878 879 2147483647
879 1200 1
879 880 2147483647
880 1200 1
880 881 2147483647
881 1200 1
881 882 2147483647
882 1200 1
882 883 2147483647
883 1200 1
883 884 2147483647
884 1200 1
884 885 2147483647
885 1200 1
885 886 2147483647
886 1200 1
886 887 2147483647
887 1200 1
887 888 2147483647
888 1200 1
888 889 2147483647
889 1200 1
889 890 2147483647
890 1200 1
890 891 2147483647
891 1200 1
891 892 2147483647
892 1200 1
892 893 2147483647
893 1200 1
893 894 2147483647
894 1200 1
894 895 2147483647
895 1200 1
895 896 2147483647
896 1200 1
896 897 2147483647
897 1200 1
897 898 2147483647
898 1200 1
898 899 2147483647
899 1200 1
899 900 2147483647
900 1200 1
900 901 2147483647
901 1200 1
901 902 2147483647
902 1200 1
902 903 2147483647
903 1200 1
903 904 2147483647
904 1200 1
904 905 2147483647
905 1200 1
905 906 2147483647
906 1200 1
906 907 2147483647
907 1200 1
907 908 2147483647
908 1200 1
908 909 2147483647
909 1200 1
909 910 2147483647
910 1200 1
910 911 2147483647
911 1200 1
911 912 2147483647
912 1200 1
912 913 2147483647
913 1200 1
913 914 2147483647
914 1200 1
914 915 2147483647
915 1200 1
915 916 2147483647
916 1200 1
916 917 2147483647
917 1200 1
917 918 2147483647
918 1200 1
918 919 2147483647
919 1200 1
919 920 2147483647
920 1200 1
920 921 2147483647
921 1200 1
921 922 2147483647
922 1200 1
922 923 2147483647
923 1200 1
923 924 2147483647
924 1200 1
924 925 2147483647
925 1200 1
925 926 2147483647
926 1200 1
926 927 2147483647
927 1200 1
927 928 2147483647
928 1200 1
928 929 2147483647
929 1200 1
929 930 2147483647
930 1200 1
930 931 2147483647
931 1200 1
931 932 2147483647
932 1200 1
932 933 2147483647
933 1200 1
933 934 2147483647
934 1200 1
934 935 2147483647
935 1200 1
935 936 2147483647
936 1200 1
936 937 2147483647
937 1200 1
937 938 2147483647
938 1200 1
938 939 2147483647
939 1200 1
939 940 2147483647
940 1200 1
940 941 2147483647
941 1200 1
941 942 2147483647
942 1200 1
942 943 2147483647
943 1200 1
943 944 2147483647
944 1200 1
944 945 2147483647
945 1200 1
945 946 2147483647
946 1200 1
946 947 2147483647
947 1200 1
947 948 2147483647
948 1200 1
948 949 2147483647
949 1200 1
949 950 2147483647
950 1200 1
950 951 2147483647
951 1200 1
951 952 2147483647
952 1200 1
952 953 2147483647
953 1200 1
953 954 2147483647
954 1200 1
954 955 2147483647
955 1200 1
955 956 2147483647
956 1200 1
956 957 2147483647
957 1200 1
957 958 2147483647
958 1200 1
958 959 2147483647
959 1200 1
959 960 2147483647
960 1200 1
960 961 2147483647
961 1200 1
961 962 2147483647
962 1200 1
962 963 2147483647
963 1200 1
963 964 2147483647
964 1200 1
964 965 2147483647
965 1200 1
965 966 2147483647
966 1200 1
966 967 2147483647
967 1200 1
967 968 2147483647
968 1200 1
968 969 2147483647
969 1200 1
969 970 2147483647
970 1200 1
970 971 2147483647
971 1200 1
971 972 2147483647
972 1200 1
972 973 2147483647
973 1200 1
973 974 2147483647
974 1200 1
974 975 2147483647
975 1200 1
975 976 2147483647
976 1200 1
976 977 2147483647
977 1200 1
977 978 2147483647
978 1200 1
978 979 2147483647
979 1200 1
979 980 2147483647
980 1200 1
980 981 2147483647
981 1200 1
981 982 2147483647
982 1200 1
982 983 2147483647
983 1200 1
983 984 2147483647
984 1200 1
984 985 2147483647
985 1200 1
985 986 2147483647
986 1200 1
986 987 2147483647
987 1200 1
987 988 2147483647
988 1200 1
988 989 2147483647
989 1200 1
989 990 2147483647
990 1200 1
990 991 2147483647
991 1200 1
991 992 2147483647
992 1200 1
992 993 2147483647
993 1200 1
993 994 2147483647
994 1200 1
994 995 2147483647
995 1200 1
995 996 2147483647
996 1200 1
996 997 2147483647
997 1200 1
997 998 2147483647
998 1200 1
998 999 2147483647
999 1200 1
999 1000 2147483647
1000 1200 1
1000 1001 2147483647
1001 1200 1
1001 1002 2147483647
1002 1200 1
1002 1003 2147483647
1003 1200 1
1003 1004 2147483647
1004 1200 1
1004 1005 2147483647
1005 1200 1
1005 1006 2147483647
1006 1200 1
1006 1007 2147483647
1007 1200 1
1007 1008 2147483647
1008 1200 1
1008 1009 2147483647
1009 1200 1
1009 1010 2147483647
1010 1200 1
1010 1011 2147483647
1011 1200 1
1011 1012 2147483647
1012 1200 1
1012 1013 2147483647
1013 1200 1
1013 1014 2147483647
1014 1200 1
1014 1015 2147483647
1015 1200 1
1015 1016 2147483647
1016 1200 1
1016 1017 2147483647
1017 1200 1
1017 1018 2147483647
1018 1200 1
1018 1019 2147483647
1019 1200 1
1019 1020 2147483647
1020 1200 1
1020 1021 2147483647
1021 1200 1
1021 1022 2147483647
1022 1200 1
1022 1023 2147483647
1023 1200 1
1023 1024 2147483647
1024 1200 1
1024 1025 2147483647
1025 1200 1
1025 1026 2147483647
1026 1200 1
1026 1027 2147483647
1027 1200 1
1027 1028 2147483647
1028 1200 1
1028 1029 2147483647
1029 1200 1
1029 1030 2147483647
1030 1200 1
1030 1031 2147483647
1031 1200 1
1031 1032 2147483647
1032 1200 1
1032 1033 2147483647
1033 1200 1
1033 1034 2147483647
1034 1200 1
1034 1035 2147483647
1035 1200 1
1035 1036 2147483647
1036 1200 1
1036 1037 2147483647
1037 1200 1
1037 1038 2147483647
1038 1200 1
1038 1039 2147483647
1039 1200 1
1039 1040 2147483647
1040 1200 1
1040 1041 2147483647
1041 1200 1
1041 1042 2147483647
1042 1200 1
1042 1043 2147483647
1043 1200 1
1043 1044 2147483647
1044 1200 1
1044 1045 2147483647
1045 1200 1
1045 1046 2147483647
1046 1200 1
1046 1047 2147483647
1047 1200 1
1047 1048 2147483647
1048 1200 1
1048 1049 2147483647
1049 1200 1
1049 1050 2147483647
1050 1200 1
1050 1051 2147483647
1051 1200 1
1051 1052 2147483647
1052 1200 1
1052 1053 2147483647
1053 1200 1
1053 1054 2147483647
1054 1200 1
1054 1055 2147483647
1055 1200 1
1055 1056 2147483647
1056 1200 1
1056 1057 2147483647
1057 1200 1
1057 1058 2147483647
1058 1200 1
1058 1059 2147483647
1059 1200 1
1059 1060 2147483647
1060 1200 1
1060 1061 2147483647
1061 1200 1
1061 1062 2147483647
1062 1200 1
1062 1063 2147483647
1063 1200 1
1063 1064 2147483647
1064 1200 1
1064 1065 2147483647
1065 1200 1
1065 1066 2147483647
1066 1200 1
1066 1067 2147483647
1067 1200 1
1067 1068 2147483647
1068 1200 1
1068 1069 2147483647
1069 1200 1
1069 1070 2147483647
1070 1200 1
1070 1071 2147483647
1071 1200 1
1071 1072 2147483647
1072 1200 1
1072 1073 2147483647
1073 1200 1
1073 1074 2147483647
1074 1200 1
1074 1075 2147483647
1075 1200 1
1075 1076 2147483647
1076 1200 1
1076 1077 2147483647
1077 1200 1
1077 1078 2147483647
1078 1200 1
1078 1079 2147483647
1079 1200 1
1079 1080 2147483647
1080 1200 1
1080 1081 2147483647
1081 1200 1
1081 1082 2147483647
1082 1200 1
1082 1083 2147483647
1083 1200 1
1083 1084 2147483647
1084 1200 1
1084 1085 2147483647
1085 1200 1
1085 1086 2147483647
1086 1200 1
1086 1087 2147483647
1087 1200 1
1087 1088 2147483647
1088 1200 1
1088 1089 2147483647
1089 1200 1
1089 1090 2147483647
1090 1200 1
1090 1091 2147483647
1091 1200 1
1091 1092 2147483647
1092 1200 1
1092 1093 2147483647
1093 1200 1
1093 1094 2147483647
1094 1200 1
1094 1095 2147483647
1095 1200 1
1095 1096 2147483647
1096 1200 1
1096 1097 2147483647
1097 1200 1
1097 1098 2147483647
1098 1200 1
1098 1099 2147483647
1099 1200 1
1099 1100 2147483647
1100 1200 1
1100 1101 2147483647
1101 1200 1
1101 1102 2147483647
1102 1200 1
1102 1103 2147483647
1103 1200 1
1103 1104 2147483647
1104 1200 1
1104 1105 2147483647
1105 1200 1
1105 1106 2147483647
1106 1200 1
1106 1107 2147483647
1107 1200 1
1107 1108 2147483647
1108 1200 1
1108 1109 2147483647
1109 1200 1
1109 1110 2147483647
1110 1200 1
1110 1111 2147483647
1111 1200 1
1111 1112 2147483647
1112 1200 1
1112 1113 2147483647
1113 1200 1
1113 1114 2147483647
1114 1200 1
1114 1115 2147483647
1115 1200 1
1115 1116 2147483647
1116 1200 1
1116 1117 2147483647
1117 1200 1
1117 1118 2147483647
1118 1200 1
1118 1119 2147483647
1119 1200 1
1119 1120 2147483647
1120 1200 1
1120 1121 2147483647
1121 1200 1
1121 1122 2147483647
1122 1200 1
1122 1123 2147483647
1123 1200 1
1123 1124 2147483647
1124 1200 1
1124 1125 2147483647
1125 1200 1
1125 1126 2147483647
1126 1200 1
1126 1127 2147483647
1127 1200 1
1127 1128 2147483647
1128 1200 1
1128 1129 2147483647
1129 1200 1
1129 1130 2147483647
1130 1200 1
1130 1131 2147483647
1131 1200 1
1131 1132 2147483647
1132 1200 1
1132 1133 2147483647
1133 1200 1
1133 1134 2147483647
1134 1200 1
1134 1135 2147483647
1135 1200 1
1135 1136 2147483647
1136 1200 1
1136 1137 2147483647
1137 1200 1
1137 1138 2147483647
1138 1200 1
1138 1139 2147483647
1139 1200 1
1139 1140 2147483647
1140 1200 1
1140 1141 2147483647
1141 1200 1
1141 1142 2147483647
1142 1200 1
1142 1143 2147483647
1143 1200 1
1143 1144 2147483647
1144 1200 1
1144 1145 2147483647
1145 1200 1
1145 1146 2147483647
1146 1200 1
1146 1147 2147483647
1147 1200 1
1147 1148 2147483647
1148 1200 1
1148 1149 2147483647
1149 1200 1
1149 1150 2147483647
1150 1200 1
1150 1151 2147483647
1151 1200 1
1151 1152 2147483647
1152 1200 1
1152 1153 2147483647
1153 1200 1
1153 1154 2147483647
1154 1200 1
1154 1155 2147483647
1155 1200 1
1155 1156 2147483647
1156 1200 1
1156 1157 2147483647
1157 1200 1
1157 1158 2147483647
1158 1200 1
1158 1159 2147483647
1159 1200 1
1159 1160 2147483647
1160 1200 1
1160 1161 2147483647
1161 1200 1
1161 1162 2147483647
1162 1200 1
1162 1163 2147483647
1163 1200 1
1163 1164 2147483647
1164 1200 1
1164 1165 2147483647
1165 1200 1
1165 1166 2147483647
1166 1200 1
1166 1167 2147483647
1167 1200 1
1167 1168 2147483647
1168 1200 1
1168 1169 2147483647
1169 1200 1
1169 1170 2147483647
1170 1200 1
1170 1171 2147483647
1171 1200 1
1171 1172 2147483647
1172 1200 1
1172 1173 2147483647
1173 1200 1
1173 1174 2147483647
1174 1200 1
1174 1175 2147483647
1175 1200 1
1175 1176 2147483647
1176 1200 1
1176 1177 2147483647
1177 1200 1
1177 1178 2147483647
1178 1200 1
1178 1179 2147483647
1179 1200 1
1179 1180 2147483647
1180 1200 1
1180 1181 2147483647
1181 1200 1
1181 1182 2147483647
1182 1200 1
1182 1183 2147483647
1183 1200 1
1183 1184 2147483647
1184 1200 1
1184 1185 2147483647
1185 1200 1
1185 1186 2147483647
1186 1200 1
1186 1187 2147483647
1187 1200 1
1187 1188 2147483647
1188 1200 1
1188 1189 2147483647
1189 1200 1
1189 1190 2147483647
1190 1200 1
1190 1191 2147483647
1191 1200 1
1191 1192 2147483647
1192 1200 1
1192 1193 2147483647
1193 1200 1
1193 1194 2147483647
1194 1200 1
1194 1195 2147483647
1195 1200 1
1195 1196 2147483647
1196 1200 1
1196 1197 2147483647
1197 1200 1
1197 1198 2147483647
1198 1200 1
1198 1199 2147483647
1199 1200 2147483647
