1000 1000000000
-119
-52
-646
881
-602
-728
-72
385
901
978
152
-759
631
-478
30
412
191
-64
874
314
-206
959
575
405
-757
50
-649
307
686
-8
337
-296
170
-275
996
-464
-792
148
154
-973
353
-951
-778
-602
176
847
-821
-369
-702
-433
-681
647
-742
-650
177
-730
-571
-917
157
-428
-975
390
-404
383
752
308
776
122
-592
212
618
-334
3
625
962
-794
134
482
159
-429
363
26
-696
-840
38
403
411
321
818
684
-340
60
-317
715
673
-859
-142
949
252
-514
34
-670
-549
337
837
863
546
-649
392
253
674
817
-740
-780
-536
542
620
262
315
-983
-38
910
995
-965
599
235
539
649
258
900
-145
-10
381
-21
-723
-429
470
-134
572
-642
-644
-41
-593
983
-196
-255
-157
268
-828
519
516
-865
-405
-502
-66
22
-418
-968
786
964
-828
-680
-349
615
-7
788
-482
-992
-697
-389
191
-899
557
262
-206
586
8
-331
284
847
-105
443
357
-63
-982
709
710
969
950
-631
-653
256
588
318
410
607
-574
-866
217
-680
-535
-554
539
118
-323
-204
-6
833
-221
499
-285
-563
-668
902
577
687
785
210
341
-412
778
559
553
-430
-647
113
805
-561
641
665
-863
-106
-97
328
567
983
726
-684
-744
-251
746
597
-146
431
-475
266
394
-268
172
-257
762
-607
159
680
-477
-526
240
-564
-425
852
711
210
-220
-997
58
536
-407
135
-945
-817
-967
632
-8
-316
173
325
-463
310
172
-964
949
-540
-852
696
776
-527
733
-283
891
-968
-880
-470
-199
-189
263
-314
632
-654
794
337
582
-121
-844
678
22
210
-268
455
564
-322
-601
836
-662
-395
-165
-215
-298
405
-305
-256
-516
-523
-44
-932
-841
-165
-818
-330
-72
-381
109
-111
-168
456
-862
-443
-822
501
-484
-962
143
356
147
-234
554
-891
-106
116
171
8
39
946
-220
37
-434
-184
741
-377
972
-51
423
222
952
566
-788
539
-250
640
166
-312
-392
34
190
-995
994
-611
-127
-251
-682
906
-738
-371
440
663
428
-752
705
-852
-166
254
-734
-633
-682
220
-833
-327
-110
741
43
370
350
603
377
317
-85
489
665
-819
688
928
491
-334
330
-869
493
590
451
-935
-722
-847
-402
753
947
374
-688
-754
623
-311
109
-696
842
-239
50
-176
-462
381
-449
323
-891
-582
-950
86
-44
-126
-468
-208
244
-613
177
394
585
98
365
-740
139
265
-845
294
-746
542
-106
974
110
-148
-762
36
-857
487
576
550
-447
644
395
-701
442
-869
78
176
-518
-695
921
379
-107
287
-250
206
390
-830
-684
-740
674
-412
-646
-638
-363
-146
387
-471
919
-147
-692
302
445
639
879
215
-967
627
217
-515
-120
-735
-66
624
-387
-995
-229
-659
-467
-694
-95
-929
247
-355
533
42
-129
-396
267
-176
-611
871
-258
369
894
259
-245
-731
480
-510
-68
-353
904
934
606
-564
913
-474
936
934
-782
769
973
-837
421
-845
399
-560
261
-214
176
-933
-188
-521
-175
493
-543
944
874
-335
581
-855
688
238
926
-702
-536
484
-409
989
-50
897
626
703
421
-23
-537
-129
-198
195
225
-984
84
-360
886
839
-735
-559
-531
205
-715
-266
-564
613
-342
559
-550
-202
-709
-561
-700
-475
-716
405
721
689
-797
-886
-848
824
730
-25
353
-460
-784
871
261
-568
-686
-31
633
574
-121
168
181
-957
329
-414
-275
624
913
414
868
-175
-931
-629
-3
172
823
344
-843
-816
690
287
-709
78
-119
-37
-441
589
-792
-52
975
-844
272
348
995
-124
-662
-27
-733
938
-813
-37
-629
-218
-197
576
655
-352
-136
806
679
-829
865
700
687
450
823
138
846
-199
-160
-515
-710
685
-376
-355
62
237
744
789
-441
470
14
250
-578
-637
446
-530
-88
47
515
-58
913
643
-145
-274
860
-452
628
-273
-409
-720
969
713
469
557
115
782
488
-486
-312
570
-829
472
886
-765
49
-980
476
406
301
-291
-225
599
44
-262
-565
-576
-975
-837
-452
-818
-788
543
0
416
-567
-510
-91
978
384
76
-8
800
374
-144
136
295
576
-697
898
381
-788
975
-494
471
-159
-70
-439
-69
-144
658
-208
-559
877
219
742
174
-881
816
381
-195
-940
-12
939
-240
-216
237
618
467
856
957
-523
380
-599
600
723
635
-797
359
378
-1000
-403
-468
993
-936
-677
8
119
509
-908
835
-648
-779
-464
92
283
849
881
267
-59
513
739
-116
443
544
-141
-4
-181
-27
40
491
-38
176
467
-15
432
-803
626
-883
969
869
-29
884
-841
172
-675
58
-405
983
943
880
-474
-742
-514
-10
-628
63
413
-44
-942
-67
520
926
722
-950
53
385
-349
178
-581
-837
493
-900
-77
928
-985
-964
238
32
-159
639
-323
-61
525
533
-693
-110
873
-348
984
272
-869
411
-502
-276
622
281
-878
636
-919
956
-862
277
280
-722
-336
386
337
-894
864
238
-728
308
96
20
950
683
-313
-239
738
-240
881
-183
591
65
226
-704
-401
-718
507
466
-32
541
-730
737
823
384
866
292
939
615
-902
-640
288
386
488
-719
536
101
831
-780
-378
139
417
319
915
14
-269
-566
-545
-801
254
-596
-791
-884
24
-25
-847
339
-986
-890
427
-42
-370
-521
634
-724
944
901
-783
-222
758
-349
396
-480
45
44
